all	0	1209356	19687287	0.0614283
all	1	745503	19687287	0.0378672
all	2	1177554	19687287	0.0598129
all	3	1070755	19687287	0.0543881
all	4	1242569	19687287	0.0631153
all	5	1202560	19687287	0.0610831
all	6	1264615	19687287	0.0642351
all	7	1214208	19687287	0.0616747
all	8	1205978	19687287	0.0612567
all	9	1134134	19687287	0.0576074
all	10	1062074	19687287	0.0539472
all	11	982225	19687287	0.0498913
all	12	893362	19687287	0.0453776
all	13	801507	19687287	0.0407119
all	14	709075	19687287	0.0360169
all	15	617208	19687287	0.0313506
all	16	527394	19687287	0.0267886
all	17	452539	19687287	0.0229864
all	18	381801	19687287	0.0193933
all	19	319583	19687287	0.0162330
all	20	263078	19687287	0.0133628
all	21	217968	19687287	0.0110715
all	22	178552	19687287	0.0090694
all	23	145441	19687287	0.0073876
all	24	116977	19687287	0.0059418
all	25	94773	19687287	0.0048139
all	26	74893	19687287	0.0038041
all	27	60848	19687287	0.0030907
all	28	49402	19687287	0.0025093
all	29	38369	19687287	0.0019489
all	30	30872	19687287	0.0015681
all	31	25406	19687287	0.0012905
all	32	19560	19687287	0.0009935
all	33	16086	19687287	0.0008171
all	34	13667	19687287	0.0006942
all	35	11282	19687287	0.0005731
all	36	9537	19687287	0.0004844
all	37	8155	19687287	0.0004142
all	38	7010	19687287	0.0003561
all	39	6388	19687287	0.0003245
all	40	5936	19687287	0.0003015
all	41	5335	19687287	0.0002710
all	42	4882	19687287	0.0002480
all	43	4503	19687287	0.0002287
all	44	4004	19687287	0.0002034
all	45	3272	19687287	0.0001662
all	46	3109	19687287	0.0001579
all	47	2840	19687287	0.0001443
all	48	2795	19687287	0.0001420
all	49	2608	19687287	0.0001325
all	50	2510	19687287	0.0001275
all	51	2382	19687287	0.0001210
all	52	2105	19687287	0.0001069
all	53	2038	19687287	0.0001035
all	54	2125	19687287	0.0001079
all	55	1939	19687287	0.0000985
all	56	1744	19687287	0.0000886
all	57	1647	19687287	0.0000837
all	58	1470	19687287	0.0000747
all	59	1449	19687287	0.0000736
all	60	1424	19687287	0.0000723
all	61	1336	19687287	0.0000679
all	62	1190	19687287	0.0000604
all	63	1143	19687287	0.0000581
all	64	1143	19687287	0.0000581
all	65	1033	19687287	0.0000525
all	66	969	19687287	0.0000492
all	67	895	19687287	0.0000455
all	68	890	19687287	0.0000452
all	69	938	19687287	0.0000476
all	70	861	19687287	0.0000437
all	71	747	19687287	0.0000379
all	72	748	19687287	0.0000380
all	73	662	19687287	0.0000336
all	74	577	19687287	0.0000293
all	75	540	19687287	0.0000274
all	76	531	19687287	0.0000270
all	77	446	19687287	0.0000227
all	78	445	19687287	0.0000226
all	79	392	19687287	0.0000199
all	80	355	19687287	0.0000180
all	81	345	19687287	0.0000175
all	82	351	19687287	0.0000178
all	83	390	19687287	0.0000198
all	84	359	19687287	0.0000182
all	85	358	19687287	0.0000182
all	86	308	19687287	0.0000156
all	87	291	19687287	0.0000148
all	88	206	19687287	0.0000105
all	89	260	19687287	0.0000132
all	90	261	19687287	0.0000133
all	91	238	19687287	0.0000121
all	92	232	19687287	0.0000118
all	93	188	19687287	0.0000095
all	94	162	19687287	0.0000082
all	95	173	19687287	0.0000088
all	96	167	19687287	0.0000085
all	97	155	19687287	0.0000079
all	98	154	19687287	0.0000078
all	99	150	19687287	0.0000076
all	100	161	19687287	0.0000082
all	101	134	19687287	0.0000068
all	102	153	19687287	0.0000078
all	103	133	19687287	0.0000068
all	104	85	19687287	0.0000043
all	105	103	19687287	0.0000052
all	106	113	19687287	0.0000057
all	107	102	19687287	0.0000052
all	108	113	19687287	0.0000057
all	109	90	19687287	0.0000046
all	110	63	19687287	0.0000032
all	111	54	19687287	0.0000027
all	112	54	19687287	0.0000027
all	113	52	19687287	0.0000026
all	114	58	19687287	0.0000029
all	115	51	19687287	0.0000026
all	116	49	19687287	0.0000025
all	117	36	19687287	0.0000018
all	118	58	19687287	0.0000029
all	119	51	19687287	0.0000026
all	120	54	19687287	0.0000027
all	121	51	19687287	0.0000026
all	122	42	19687287	0.0000021
all	123	36	19687287	0.0000018
all	124	63	19687287	0.0000032
all	125	54	19687287	0.0000027
all	126	57	19687287	0.0000029
all	127	63	19687287	0.0000032
all	128	49	19687287	0.0000025
all	129	40	19687287	0.0000020
all	130	44	19687287	0.0000022
all	131	34	19687287	0.0000017
all	132	32	19687287	0.0000016
all	133	14	19687287	0.0000007
all	134	18	19687287	0.0000009
all	135	14	19687287	0.0000007
all	136	22	19687287	0.0000011
all	137	13	19687287	0.0000007
all	138	12	19687287	0.0000006
all	139	17	19687287	0.0000009
all	140	24	19687287	0.0000012
all	141	37	19687287	0.0000019
all	142	31	19687287	0.0000016
all	143	25	19687287	0.0000013
all	144	29	19687287	0.0000015
all	145	27	19687287	0.0000014
all	146	20	19687287	0.0000010
all	147	31	19687287	0.0000016
all	148	23	19687287	0.0000012
all	149	30	19687287	0.0000015
all	150	23	19687287	0.0000012
all	151	32	19687287	0.0000016
all	152	25	19687287	0.0000013
all	153	28	19687287	0.0000014
all	154	40	19687287	0.0000020
all	155	26	19687287	0.0000013
all	156	21	19687287	0.0000011
all	157	22	19687287	0.0000011
all	158	5	19687287	0.0000003
all	159	18	19687287	0.0000009
all	160	12	19687287	0.0000006
all	161	20	19687287	0.0000010
all	162	16	19687287	0.0000008
all	163	17	19687287	0.0000009
all	164	21	19687287	0.0000011
all	165	9	19687287	0.0000005
all	166	14	19687287	0.0000007
all	167	13	19687287	0.0000007
all	168	8	19687287	0.0000004
all	169	16	19687287	0.0000008
all	170	14	19687287	0.0000007
all	171	18	19687287	0.0000009
all	172	12	19687287	0.0000006
all	173	19	19687287	0.0000010
all	174	7	19687287	0.0000004
all	175	7	19687287	0.0000004
all	176	11	19687287	0.0000006
all	177	6	19687287	0.0000003
all	178	9	19687287	0.0000005
all	179	19	19687287	0.0000010
all	180	13	19687287	0.0000007
all	181	20	19687287	0.0000010
all	182	17	19687287	0.0000009
all	183	17	19687287	0.0000009
all	184	20	19687287	0.0000010
all	185	12	19687287	0.0000006
all	186	10	19687287	0.0000005
all	187	8	19687287	0.0000004
all	188	21	19687287	0.0000011
all	189	17	19687287	0.0000009
all	190	16	19687287	0.0000008
all	191	14	19687287	0.0000007
all	192	12	19687287	0.0000006
all	193	4	19687287	0.0000002
all	194	10	19687287	0.0000005
all	195	2	19687287	0.0000001
all	196	4	19687287	0.0000002
all	197	4	19687287	0.0000002
all	198	3	19687287	0.0000002
all	199	5	19687287	0.0000003
all	200	3	19687287	0.0000002
all	202	2	19687287	0.0000001
all	203	4	19687287	0.0000002
all	204	10	19687287	0.0000005
all	205	10	19687287	0.0000005
all	206	11	19687287	0.0000006
all	207	5	19687287	0.0000003
all	208	8	19687287	0.0000004
all	209	5	19687287	0.0000003
all	211	4	19687287	0.0000002
all	212	4	19687287	0.0000002
all	213	1	19687287	0.0000001
all	214	2	19687287	0.0000001
all	215	2	19687287	0.0000001
all	216	2	19687287	0.0000001
all	217	8	19687287	0.0000004
all	218	8	19687287	0.0000004
all	219	4	19687287	0.0000002
all	220	7	19687287	0.0000004
all	221	3	19687287	0.0000002
all	222	4	19687287	0.0000002
all	223	2	19687287	0.0000001
all	224	9	19687287	0.0000005
all	225	3	19687287	0.0000002
all	226	6	19687287	0.0000003
all	227	6	19687287	0.0000003
all	228	10	19687287	0.0000005
all	229	6	19687287	0.0000003
all	230	8	19687287	0.0000004
all	231	4	19687287	0.0000002
all	232	5	19687287	0.0000003
all	233	6	19687287	0.0000003
all	234	6	19687287	0.0000003
all	235	6	19687287	0.0000003
all	236	9	19687287	0.0000005
all	237	2	19687287	0.0000001
all	238	7	19687287	0.0000004
all	239	2	19687287	0.0000001
all	240	2	19687287	0.0000001
all	241	4	19687287	0.0000002
all	242	2	19687287	0.0000001
all	244	3	19687287	0.0000002
all	245	2	19687287	0.0000001
all	246	4	19687287	0.0000002
all	247	9	19687287	0.0000005
all	248	5	19687287	0.0000003
all	249	7	19687287	0.0000004
all	250	3	19687287	0.0000002
all	251	1	19687287	0.0000001
all	252	1	19687287	0.0000001
all	253	1	19687287	0.0000001
all	254	3	19687287	0.0000002
all	255	7	19687287	0.0000004
all	256	6	19687287	0.0000003
all	257	2	19687287	0.0000001
all	258	4	19687287	0.0000002
all	260	7	19687287	0.0000004
all	261	4	19687287	0.0000002
all	262	4	19687287	0.0000002
all	263	4	19687287	0.0000002
all	264	2	19687287	0.0000001
all	265	5	19687287	0.0000003
all	266	1	19687287	0.0000001
all	267	2	19687287	0.0000001
all	268	2	19687287	0.0000001
all	269	2	19687287	0.0000001
all	270	1	19687287	0.0000001
all	271	1	19687287	0.0000001
all	272	3	19687287	0.0000002
all	273	2	19687287	0.0000001
all	275	1	19687287	0.0000001
all	276	3	19687287	0.0000002
all	277	4	19687287	0.0000002
all	278	5	19687287	0.0000003
all	281	2	19687287	0.0000001
all	282	1	19687287	0.0000001
all	283	1	19687287	0.0000001
all	285	1	19687287	0.0000001
all	286	1	19687287	0.0000001
all	288	1	19687287	0.0000001
all	289	2	19687287	0.0000001
all	290	1	19687287	0.0000001
all	291	2	19687287	0.0000001
all	292	1	19687287	0.0000001
all	293	2	19687287	0.0000001
all	295	4	19687287	0.0000002
all	296	2	19687287	0.0000001
all	297	1	19687287	0.0000001
all	300	3	19687287	0.0000002
all	301	3	19687287	0.0000002
all	302	6	19687287	0.0000003
all	303	9	19687287	0.0000005
all	304	4	19687287	0.0000002
all	305	11	19687287	0.0000006
all	306	1	19687287	0.0000001
all	309	1	19687287	0.0000001
all	310	1	19687287	0.0000001
all	312	1	19687287	0.0000001
all	315	1	19687287	0.0000001
all	317	1	19687287	0.0000001
all	319	1	19687287	0.0000001
all	323	1	19687287	0.0000001
all	324	2	19687287	0.0000001
all	328	2	19687287	0.0000001
all	333	1	19687287	0.0000001
all	341	1	19687287	0.0000001
all	342	1	19687287	0.0000001
all	343	1	19687287	0.0000001
all	349	1	19687287	0.0000001
all	350	2	19687287	0.0000001
all	351	1	19687287	0.0000001
all	354	1	19687287	0.0000001
all	358	1	19687287	0.0000001
all	359	2	19687287	0.0000001
all	362	1	19687287	0.0000001
all	364	1	19687287	0.0000001
all	371	2	19687287	0.0000001
all	372	1	19687287	0.0000001
all	374	1	19687287	0.0000001
all	375	1	19687287	0.0000001
all	377	1	19687287	0.0000001
all	379	1	19687287	0.0000001
all	384	2	19687287	0.0000001
all	386	2	19687287	0.0000001
all	389	1	19687287	0.0000001
all	391	1	19687287	0.0000001
all	393	1	19687287	0.0000001
all	395	1	19687287	0.0000001
all	398	1	19687287	0.0000001
all	399	1	19687287	0.0000001
all	400	1	19687287	0.0000001
all	403	1	19687287	0.0000001
all	412	2	19687287	0.0000001
all	414	1	19687287	0.0000001
all	415	1	19687287	0.0000001
all	419	1	19687287	0.0000001
all	425	2	19687287	0.0000001
all	428	1	19687287	0.0000001
all	431	1	19687287	0.0000001
all	432	1	19687287	0.0000001
all	433	1	19687287	0.0000001
all	434	1	19687287	0.0000001
all	435	1	19687287	0.0000001
all	440	1	19687287	0.0000001
all	442	2	19687287	0.0000001
all	444	1	19687287	0.0000001
all	445	1	19687287	0.0000001
all	447	1	19687287	0.0000001
all	449	1	19687287	0.0000001
all	456	1	19687287	0.0000001
all	457	1	19687287	0.0000001
all	460	1	19687287	0.0000001
all	461	1	19687287	0.0000001
all	464	1	19687287	0.0000001
all	465	1	19687287	0.0000001
all	467	1	19687287	0.0000001
all	473	1	19687287	0.0000001
all	475	1	19687287	0.0000001
all	477	1	19687287	0.0000001
all	480	1	19687287	0.0000001
all	482	1	19687287	0.0000001
all	484	1	19687287	0.0000001
all	486	1	19687287	0.0000001
all	487	1	19687287	0.0000001
all	489	1	19687287	0.0000001
all	491	1	19687287	0.0000001
all	492	1	19687287	0.0000001
all	494	1	19687287	0.0000001
all	496	1	19687287	0.0000001
all	501	1	19687287	0.0000001
all	502	2	19687287	0.0000001
all	503	1	19687287	0.0000001
all	504	1	19687287	0.0000001
all	506	2	19687287	0.0000001
all	509	3	19687287	0.0000002
all	514	1	19687287	0.0000001
all	515	1	19687287	0.0000001
all	517	1	19687287	0.0000001
all	519	2	19687287	0.0000001
all	523	1	19687287	0.0000001
all	524	7	19687287	0.0000004
all	525	1	19687287	0.0000001
all	526	2	19687287	0.0000001
all	527	1	19687287	0.0000001
all	528	2	19687287	0.0000001
all	529	1	19687287	0.0000001
all	531	1	19687287	0.0000001
all	532	1	19687287	0.0000001
all	533	2	19687287	0.0000001
all	534	1	19687287	0.0000001
all	535	2	19687287	0.0000001
all	536	3	19687287	0.0000002
all	537	2	19687287	0.0000001
all	539	3	19687287	0.0000002
all	540	3	19687287	0.0000002
all	541	1	19687287	0.0000001
all	543	2	19687287	0.0000001
all	544	1	19687287	0.0000001
all	545	3	19687287	0.0000002
all	546	1	19687287	0.0000001
all	547	2	19687287	0.0000001
all	548	4	19687287	0.0000002
all	549	4	19687287	0.0000002
all	550	6	19687287	0.0000003
all	551	5	19687287	0.0000003
all	552	7	19687287	0.0000004
all	553	2	19687287	0.0000001
all	554	2	19687287	0.0000001
all	555	1	19687287	0.0000001
all	556	4	19687287	0.0000002
all	558	1	19687287	0.0000001
all	559	3	19687287	0.0000002
all	560	2	19687287	0.0000001
all	561	3	19687287	0.0000002
all	562	4	19687287	0.0000002
all	563	1	19687287	0.0000001
all	564	2	19687287	0.0000001
all	566	1	19687287	0.0000001
all	567	2	19687287	0.0000001
all	568	1	19687287	0.0000001
all	569	2	19687287	0.0000001
all	570	1	19687287	0.0000001
all	573	1	19687287	0.0000001
all	574	1	19687287	0.0000001
all	576	1	19687287	0.0000001
all	578	1	19687287	0.0000001
all	580	1	19687287	0.0000001
all	582	2	19687287	0.0000001
all	584	1	19687287	0.0000001
all	587	3	19687287	0.0000002
all	589	1	19687287	0.0000001
all	591	2	19687287	0.0000001
all	592	1	19687287	0.0000001
all	595	1	19687287	0.0000001
all	601	1	19687287	0.0000001
all	602	1	19687287	0.0000001
all	603	2	19687287	0.0000001
all	605	2	19687287	0.0000001
all	606	1	19687287	0.0000001
all	607	1	19687287	0.0000001
all	608	1	19687287	0.0000001
all	613	1	19687287	0.0000001
all	616	2	19687287	0.0000001
all	620	1	19687287	0.0000001
all	623	2	19687287	0.0000001
all	624	1	19687287	0.0000001
all	630	1	19687287	0.0000001
all	632	1	19687287	0.0000001
all	633	1	19687287	0.0000001
all	635	1	19687287	0.0000001
all	636	1	19687287	0.0000001
all	643	2	19687287	0.0000001
all	647	1	19687287	0.0000001
all	652	2	19687287	0.0000001
all	653	1	19687287	0.0000001
all	655	2	19687287	0.0000001
all	656	1	19687287	0.0000001
all	657	1	19687287	0.0000001
all	660	1	19687287	0.0000001
all	663	1	19687287	0.0000001
all	665	1	19687287	0.0000001
all	668	1	19687287	0.0000001
all	669	2	19687287	0.0000001
all	672	1	19687287	0.0000001
all	674	1	19687287	0.0000001
all	677	2	19687287	0.0000001
all	679	1	19687287	0.0000001
all	684	1	19687287	0.0000001
all	696	2	19687287	0.0000001
all	698	1	19687287	0.0000001
all	703	1	19687287	0.0000001
all	704	1	19687287	0.0000001
all	709	1	19687287	0.0000001
all	710	2	19687287	0.0000001
all	711	1	19687287	0.0000001
all	716	1	19687287	0.0000001
all	718	1	19687287	0.0000001
all	719	1	19687287	0.0000001
all	723	3	19687287	0.0000002
all	727	1	19687287	0.0000001
all	729	1	19687287	0.0000001
all	730	1	19687287	0.0000001
all	731	1	19687287	0.0000001
all	732	1	19687287	0.0000001
all	735	2	19687287	0.0000001
all	737	1	19687287	0.0000001
all	739	1	19687287	0.0000001
all	744	1	19687287	0.0000001
all	747	2	19687287	0.0000001
all	754	1	19687287	0.0000001
all	755	1	19687287	0.0000001
all	757	1	19687287	0.0000001
all	758	1	19687287	0.0000001
all	759	1	19687287	0.0000001
all	760	1	19687287	0.0000001
all	766	1	19687287	0.0000001
all	768	2	19687287	0.0000001
all	773	2	19687287	0.0000001
all	776	1	19687287	0.0000001
all	777	1	19687287	0.0000001
all	778	1	19687287	0.0000001
all	780	1	19687287	0.0000001
all	781	2	19687287	0.0000001
all	783	1	19687287	0.0000001
all	793	2	19687287	0.0000001
all	797	1	19687287	0.0000001
all	801	1	19687287	0.0000001
all	803	2	19687287	0.0000001
all	804	1	19687287	0.0000001
all	808	1	19687287	0.0000001
all	810	1	19687287	0.0000001
all	812	1	19687287	0.0000001
all	814	1	19687287	0.0000001
all	817	1	19687287	0.0000001
all	819	1	19687287	0.0000001
all	823	1	19687287	0.0000001
all	826	1	19687287	0.0000001
all	828	1	19687287	0.0000001
all	833	1	19687287	0.0000001
all	835	1	19687287	0.0000001
all	836	2	19687287	0.0000001
all	837	1	19687287	0.0000001
all	838	1	19687287	0.0000001
all	842	1	19687287	0.0000001
all	843	1	19687287	0.0000001
all	844	1	19687287	0.0000001
all	847	1	19687287	0.0000001
all	848	1	19687287	0.0000001
all	849	3	19687287	0.0000002
all	850	2	19687287	0.0000001
all	852	1	19687287	0.0000001
all	853	2	19687287	0.0000001
all	854	2	19687287	0.0000001
all	855	2	19687287	0.0000001
all	858	1	19687287	0.0000001
all	859	2	19687287	0.0000001
all	860	1	19687287	0.0000001
all	861	1	19687287	0.0000001
all	862	2	19687287	0.0000001
all	864	1	19687287	0.0000001
all	865	1	19687287	0.0000001
all	867	1	19687287	0.0000001
all	870	2	19687287	0.0000001
all	872	2	19687287	0.0000001
all	873	1	19687287	0.0000001
all	874	1	19687287	0.0000001
all	878	2	19687287	0.0000001
all	881	1	19687287	0.0000001
all	893	1	19687287	0.0000001
all	904	1	19687287	0.0000001
all	909	1	19687287	0.0000001
all	915	1	19687287	0.0000001
all	916	1	19687287	0.0000001
all	923	1	19687287	0.0000001
all	926	1	19687287	0.0000001
all	935	1	19687287	0.0000001
all	937	1	19687287	0.0000001
all	938	1	19687287	0.0000001
all	946	1	19687287	0.0000001
all	967	1	19687287	0.0000001
all	968	1	19687287	0.0000001
all	971	1	19687287	0.0000001
all	976	1	19687287	0.0000001
all	977	1	19687287	0.0000001
all	989	1	19687287	0.0000001
all	1000	1	19687287	0.0000001
all	1002	1	19687287	0.0000001
all	1006	1	19687287	0.0000001
all	1011	1	19687287	0.0000001
all	1016	2	19687287	0.0000001
all	1023	1	19687287	0.0000001
all	1028	1	19687287	0.0000001
all	1030	1	19687287	0.0000001
all	1035	1	19687287	0.0000001
all	1037	2	19687287	0.0000001
all	1040	1	19687287	0.0000001
all	1043	1	19687287	0.0000001
all	1046	1	19687287	0.0000001
all	1052	1	19687287	0.0000001
all	1056	1	19687287	0.0000001
all	1059	1	19687287	0.0000001
all	1068	2	19687287	0.0000001
all	1075	1	19687287	0.0000001
all	1076	1	19687287	0.0000001
all	1082	1	19687287	0.0000001
all	1089	1	19687287	0.0000001
all	1090	1	19687287	0.0000001
all	1092	1	19687287	0.0000001
all	1096	1	19687287	0.0000001
all	1097	1	19687287	0.0000001
all	1102	1	19687287	0.0000001
all	1105	2	19687287	0.0000001
all	1110	1	19687287	0.0000001
all	1111	1	19687287	0.0000001
all	1114	3	19687287	0.0000002
all	1116	1	19687287	0.0000001
all	1119	1	19687287	0.0000001
all	1122	2	19687287	0.0000001
all	1123	1	19687287	0.0000001
all	1125	2	19687287	0.0000001
all	1129	1	19687287	0.0000001
all	1132	2	19687287	0.0000001
all	1133	1	19687287	0.0000001
all	1134	1	19687287	0.0000001
all	1136	1	19687287	0.0000001
all	1137	1	19687287	0.0000001
all	1139	4	19687287	0.0000002
all	1140	1	19687287	0.0000001
all	1142	2	19687287	0.0000001
all	1143	1	19687287	0.0000001
all	1144	3	19687287	0.0000002
all	1145	3	19687287	0.0000002
all	1146	4	19687287	0.0000002
all	1147	8	19687287	0.0000004
all	1148	2	19687287	0.0000001
all	1149	4	19687287	0.0000002
all	1150	1	19687287	0.0000001
all	1151	2	19687287	0.0000001
all	1152	2	19687287	0.0000001
all	1153	7	19687287	0.0000004
all	1154	1	19687287	0.0000001
all	1155	1	19687287	0.0000001
all	1156	4	19687287	0.0000002
