all	0	1450322	19687287	0.0736679
all	1	881396	19687287	0.0447698
all	2	1293177	19687287	0.0656859
all	3	1207336	19687287	0.0613257
all	4	1353916	19687287	0.0687711
all	5	1303117	19687287	0.0661908
all	6	1329998	19687287	0.0675562
all	7	1281321	19687287	0.0650837
all	8	1224841	19687287	0.0622148
all	9	1144853	19687287	0.0581519
all	10	1055078	19687287	0.0535918
all	11	950362	19687287	0.0482729
all	12	839567	19687287	0.0426451
all	13	738531	19687287	0.0375131
all	14	633991	19687287	0.0322031
all	15	536143	19687287	0.0272330
all	16	448847	19687287	0.0227988
all	17	376762	19687287	0.0191373
all	18	310323	19687287	0.0157626
all	19	253329	19687287	0.0128676
all	20	203331	19687287	0.0103280
all	21	162692	19687287	0.0082638
all	22	127352	19687287	0.0064687
all	23	102420	19687287	0.0052023
all	24	80992	19687287	0.0041139
all	25	64625	19687287	0.0032826
all	26	52138	19687287	0.0026483
all	27	40588	19687287	0.0020616
all	28	32474	19687287	0.0016495
all	29	24824	19687287	0.0012609
all	30	20755	19687287	0.0010542
all	31	16519	19687287	0.0008391
all	32	13771	19687287	0.0006995
all	33	11909	19687287	0.0006049
all	34	10048	19687287	0.0005104
all	35	8766	19687287	0.0004453
all	36	7601	19687287	0.0003861
all	37	6602	19687287	0.0003353
all	38	6154	19687287	0.0003126
all	39	5161	19687287	0.0002621
all	40	4504	19687287	0.0002288
all	41	4193	19687287	0.0002130
all	42	3944	19687287	0.0002003
all	43	3334	19687287	0.0001693
all	44	2899	19687287	0.0001473
all	45	2956	19687287	0.0001501
all	46	3004	19687287	0.0001526
all	47	2716	19687287	0.0001380
all	48	2550	19687287	0.0001295
all	49	2416	19687287	0.0001227
all	50	2182	19687287	0.0001108
all	51	2276	19687287	0.0001156
all	52	1993	19687287	0.0001012
all	53	1789	19687287	0.0000909
all	54	1790	19687287	0.0000909
all	55	1695	19687287	0.0000861
all	56	1664	19687287	0.0000845
all	57	1435	19687287	0.0000729
all	58	1464	19687287	0.0000744
all	59	1421	19687287	0.0000722
all	60	1171	19687287	0.0000595
all	61	1075	19687287	0.0000546
all	62	1017	19687287	0.0000517
all	63	1027	19687287	0.0000522
all	64	939	19687287	0.0000477
all	65	916	19687287	0.0000465
all	66	911	19687287	0.0000463
all	67	820	19687287	0.0000417
all	68	814	19687287	0.0000413
all	69	826	19687287	0.0000420
all	70	737	19687287	0.0000374
all	71	755	19687287	0.0000383
all	72	639	19687287	0.0000325
all	73	679	19687287	0.0000345
all	74	674	19687287	0.0000342
all	75	690	19687287	0.0000350
all	76	648	19687287	0.0000329
all	77	568	19687287	0.0000289
all	78	462	19687287	0.0000235
all	79	473	19687287	0.0000240
all	80	416	19687287	0.0000211
all	81	366	19687287	0.0000186
all	82	387	19687287	0.0000197
all	83	372	19687287	0.0000189
all	84	313	19687287	0.0000159
all	85	296	19687287	0.0000150
all	86	244	19687287	0.0000124
all	87	227	19687287	0.0000115
all	88	205	19687287	0.0000104
all	89	204	19687287	0.0000104
all	90	237	19687287	0.0000120
all	91	255	19687287	0.0000130
all	92	232	19687287	0.0000118
all	93	207	19687287	0.0000105
all	94	164	19687287	0.0000083
all	95	149	19687287	0.0000076
all	96	132	19687287	0.0000067
all	97	108	19687287	0.0000055
all	98	118	19687287	0.0000060
all	99	116	19687287	0.0000059
all	100	97	19687287	0.0000049
all	101	117	19687287	0.0000059
all	102	115	19687287	0.0000058
all	103	118	19687287	0.0000060
all	104	105	19687287	0.0000053
all	105	83	19687287	0.0000042
all	106	83	19687287	0.0000042
all	107	99	19687287	0.0000050
all	108	76	19687287	0.0000039
all	109	91	19687287	0.0000046
all	110	68	19687287	0.0000035
all	111	87	19687287	0.0000044
all	112	83	19687287	0.0000042
all	113	69	19687287	0.0000035
all	114	86	19687287	0.0000044
all	115	89	19687287	0.0000045
all	116	50	19687287	0.0000025
all	117	62	19687287	0.0000031
all	118	54	19687287	0.0000027
all	119	45	19687287	0.0000023
all	120	73	19687287	0.0000037
all	121	45	19687287	0.0000023
all	122	58	19687287	0.0000029
all	123	41	19687287	0.0000021
all	124	25	19687287	0.0000013
all	125	68	19687287	0.0000035
all	126	50	19687287	0.0000025
all	127	42	19687287	0.0000021
all	128	65	19687287	0.0000033
all	129	88	19687287	0.0000045
all	130	41	19687287	0.0000021
all	131	53	19687287	0.0000027
all	132	50	19687287	0.0000025
all	133	52	19687287	0.0000026
all	134	43	19687287	0.0000022
all	135	29	19687287	0.0000015
all	136	43	19687287	0.0000022
all	137	37	19687287	0.0000019
all	138	40	19687287	0.0000020
all	139	40	19687287	0.0000020
all	140	63	19687287	0.0000032
all	141	51	19687287	0.0000026
all	142	27	19687287	0.0000014
all	143	39	19687287	0.0000020
all	144	29	19687287	0.0000015
all	145	37	19687287	0.0000019
all	146	33	19687287	0.0000017
all	147	30	19687287	0.0000015
all	148	30	19687287	0.0000015
all	149	21	19687287	0.0000011
all	150	15	19687287	0.0000008
all	151	45	19687287	0.0000023
all	152	25	19687287	0.0000013
all	153	26	19687287	0.0000013
all	154	18	19687287	0.0000009
all	155	29	19687287	0.0000015
all	156	25	19687287	0.0000013
all	157	26	19687287	0.0000013
all	158	30	19687287	0.0000015
all	159	30	19687287	0.0000015
all	160	28	19687287	0.0000014
all	161	24	19687287	0.0000012
all	162	29	19687287	0.0000015
all	163	12	19687287	0.0000006
all	164	15	19687287	0.0000008
all	165	13	19687287	0.0000007
all	166	13	19687287	0.0000007
all	167	10	19687287	0.0000005
all	168	16	19687287	0.0000008
all	169	11	19687287	0.0000006
all	170	11	19687287	0.0000006
all	171	16	19687287	0.0000008
all	172	19	19687287	0.0000010
all	173	6	19687287	0.0000003
all	174	13	19687287	0.0000007
all	175	11	19687287	0.0000006
all	176	9	19687287	0.0000005
all	177	10	19687287	0.0000005
all	178	18	19687287	0.0000009
all	179	11	19687287	0.0000006
all	180	6	19687287	0.0000003
all	181	11	19687287	0.0000006
all	182	8	19687287	0.0000004
all	183	5	19687287	0.0000003
all	184	7	19687287	0.0000004
all	185	3	19687287	0.0000002
all	186	10	19687287	0.0000005
all	187	8	19687287	0.0000004
all	188	5	19687287	0.0000003
all	189	7	19687287	0.0000004
all	190	13	19687287	0.0000007
all	191	1	19687287	0.0000001
all	192	2	19687287	0.0000001
all	193	5	19687287	0.0000003
all	194	2	19687287	0.0000001
all	195	1	19687287	0.0000001
all	196	2	19687287	0.0000001
all	197	2	19687287	0.0000001
all	198	5	19687287	0.0000003
all	199	3	19687287	0.0000002
all	201	6	19687287	0.0000003
all	202	2	19687287	0.0000001
all	203	4	19687287	0.0000002
all	204	2	19687287	0.0000001
all	205	4	19687287	0.0000002
all	206	5	19687287	0.0000003
all	207	4	19687287	0.0000002
all	208	2	19687287	0.0000001
all	209	2	19687287	0.0000001
all	210	1	19687287	0.0000001
all	211	2	19687287	0.0000001
all	212	3	19687287	0.0000002
all	213	8	19687287	0.0000004
all	214	2	19687287	0.0000001
all	215	4	19687287	0.0000002
all	216	2	19687287	0.0000001
all	217	5	19687287	0.0000003
all	218	3	19687287	0.0000002
all	219	5	19687287	0.0000003
all	220	10	19687287	0.0000005
all	221	14	19687287	0.0000007
all	222	10	19687287	0.0000005
all	223	16	19687287	0.0000008
all	224	14	19687287	0.0000007
all	225	8	19687287	0.0000004
all	226	15	19687287	0.0000008
all	227	13	19687287	0.0000007
all	228	10	19687287	0.0000005
all	229	5	19687287	0.0000003
all	230	5	19687287	0.0000003
all	231	3	19687287	0.0000002
all	232	2	19687287	0.0000001
all	233	1	19687287	0.0000001
all	234	2	19687287	0.0000001
all	235	3	19687287	0.0000002
all	236	2	19687287	0.0000001
all	239	3	19687287	0.0000002
all	240	1	19687287	0.0000001
all	243	1	19687287	0.0000001
all	244	1	19687287	0.0000001
all	245	1	19687287	0.0000001
all	246	1	19687287	0.0000001
all	247	1	19687287	0.0000001
all	249	3	19687287	0.0000002
all	251	3	19687287	0.0000002
all	253	1	19687287	0.0000001
all	254	1	19687287	0.0000001
all	255	1	19687287	0.0000001
all	257	1	19687287	0.0000001
all	259	1	19687287	0.0000001
all	260	1	19687287	0.0000001
all	261	1	19687287	0.0000001
all	262	2	19687287	0.0000001
all	263	2	19687287	0.0000001
all	264	1	19687287	0.0000001
all	265	1	19687287	0.0000001
all	266	3	19687287	0.0000002
all	267	2	19687287	0.0000001
all	268	2	19687287	0.0000001
all	269	2	19687287	0.0000001
all	270	2	19687287	0.0000001
all	271	1	19687287	0.0000001
all	272	1	19687287	0.0000001
all	273	1	19687287	0.0000001
all	275	2	19687287	0.0000001
all	276	1	19687287	0.0000001
all	277	2	19687287	0.0000001
all	278	3	19687287	0.0000002
all	279	2	19687287	0.0000001
all	280	3	19687287	0.0000002
all	284	1	19687287	0.0000001
all	285	2	19687287	0.0000001
all	286	1	19687287	0.0000001
all	287	1	19687287	0.0000001
all	288	3	19687287	0.0000002
all	290	5	19687287	0.0000003
all	292	2	19687287	0.0000001
all	293	1	19687287	0.0000001
all	294	1	19687287	0.0000001
all	295	1	19687287	0.0000001
all	298	1	19687287	0.0000001
all	299	3	19687287	0.0000002
all	300	1	19687287	0.0000001
all	301	2	19687287	0.0000001
all	303	1	19687287	0.0000001
all	305	1	19687287	0.0000001
all	306	4	19687287	0.0000002
all	309	1	19687287	0.0000001
all	310	4	19687287	0.0000002
all	312	3	19687287	0.0000002
all	313	2	19687287	0.0000001
all	315	3	19687287	0.0000002
all	316	2	19687287	0.0000001
all	318	1	19687287	0.0000001
all	319	1	19687287	0.0000001
all	320	1	19687287	0.0000001
all	321	3	19687287	0.0000002
all	323	1	19687287	0.0000001
all	326	2	19687287	0.0000001
all	328	1	19687287	0.0000001
all	329	1	19687287	0.0000001
all	331	2	19687287	0.0000001
all	332	1	19687287	0.0000001
all	333	1	19687287	0.0000001
all	335	1	19687287	0.0000001
all	336	1	19687287	0.0000001
all	337	1	19687287	0.0000001
all	338	1	19687287	0.0000001
all	339	5	19687287	0.0000003
all	340	1	19687287	0.0000001
all	341	1	19687287	0.0000001
all	343	2	19687287	0.0000001
all	344	1	19687287	0.0000001
all	345	4	19687287	0.0000002
all	346	19	19687287	0.0000010
all	347	12	19687287	0.0000006
all	348	9	19687287	0.0000005
all	350	3	19687287	0.0000002
all	351	1	19687287	0.0000001
all	352	1	19687287	0.0000001
all	353	1	19687287	0.0000001
all	354	1	19687287	0.0000001
all	357	1	19687287	0.0000001
all	358	2	19687287	0.0000001
all	363	2	19687287	0.0000001
all	367	2	19687287	0.0000001
all	369	1	19687287	0.0000001
all	372	2	19687287	0.0000001
all	376	1	19687287	0.0000001
all	377	1	19687287	0.0000001
all	379	1	19687287	0.0000001
all	380	2	19687287	0.0000001
all	381	1	19687287	0.0000001
all	389	1	19687287	0.0000001
all	390	1	19687287	0.0000001
all	392	1	19687287	0.0000001
all	393	1	19687287	0.0000001
all	402	1	19687287	0.0000001
all	409	1	19687287	0.0000001
all	412	1	19687287	0.0000001
all	414	1	19687287	0.0000001
all	416	1	19687287	0.0000001
all	419	1	19687287	0.0000001
all	421	1	19687287	0.0000001
all	425	1	19687287	0.0000001
all	426	1	19687287	0.0000001
all	427	1	19687287	0.0000001
all	431	1	19687287	0.0000001
all	433	1	19687287	0.0000001
all	436	1	19687287	0.0000001
all	437	1	19687287	0.0000001
all	441	1	19687287	0.0000001
all	443	1	19687287	0.0000001
all	444	1	19687287	0.0000001
all	447	1	19687287	0.0000001
all	449	1	19687287	0.0000001
all	451	2	19687287	0.0000001
all	452	2	19687287	0.0000001
all	453	1	19687287	0.0000001
all	455	1	19687287	0.0000001
all	457	1	19687287	0.0000001
all	461	2	19687287	0.0000001
all	462	3	19687287	0.0000002
all	463	1	19687287	0.0000001
all	467	1	19687287	0.0000001
all	469	1	19687287	0.0000001
all	470	2	19687287	0.0000001
all	471	1	19687287	0.0000001
all	472	2	19687287	0.0000001
all	473	3	19687287	0.0000002
all	477	1	19687287	0.0000001
all	479	1	19687287	0.0000001
all	481	1	19687287	0.0000001
all	482	1	19687287	0.0000001
all	483	3	19687287	0.0000002
all	484	1	19687287	0.0000001
all	486	3	19687287	0.0000002
all	491	2	19687287	0.0000001
all	493	1	19687287	0.0000001
all	494	1	19687287	0.0000001
all	495	4	19687287	0.0000002
all	496	1	19687287	0.0000001
all	497	5	19687287	0.0000003
all	498	1	19687287	0.0000001
all	499	2	19687287	0.0000001
all	500	2	19687287	0.0000001
all	501	1	19687287	0.0000001
all	502	2	19687287	0.0000001
all	503	1	19687287	0.0000001
all	504	2	19687287	0.0000001
all	505	1	19687287	0.0000001
all	506	2	19687287	0.0000001
all	507	2	19687287	0.0000001
all	508	2	19687287	0.0000001
all	509	2	19687287	0.0000001
all	510	1	19687287	0.0000001
all	512	4	19687287	0.0000002
all	513	1	19687287	0.0000001
all	514	3	19687287	0.0000002
all	515	5	19687287	0.0000003
all	516	2	19687287	0.0000001
all	517	8	19687287	0.0000004
all	518	2	19687287	0.0000001
all	520	4	19687287	0.0000002
all	521	1	19687287	0.0000001
all	522	4	19687287	0.0000002
all	523	10	19687287	0.0000005
all	524	4	19687287	0.0000002
all	525	3	19687287	0.0000002
all	526	2	19687287	0.0000001
all	527	1	19687287	0.0000001
all	528	1	19687287	0.0000001
all	530	1	19687287	0.0000001
all	536	1	19687287	0.0000001
all	539	1	19687287	0.0000001
all	540	1	19687287	0.0000001
all	548	1	19687287	0.0000001
all	551	2	19687287	0.0000001
all	555	1	19687287	0.0000001
all	557	1	19687287	0.0000001
all	560	1	19687287	0.0000001
all	561	1	19687287	0.0000001
all	568	1	19687287	0.0000001
all	572	1	19687287	0.0000001
all	575	1	19687287	0.0000001
all	576	1	19687287	0.0000001
all	580	1	19687287	0.0000001
all	583	1	19687287	0.0000001
all	586	1	19687287	0.0000001
all	587	1	19687287	0.0000001
all	589	2	19687287	0.0000001
all	591	1	19687287	0.0000001
all	593	1	19687287	0.0000001
all	597	1	19687287	0.0000001
all	603	1	19687287	0.0000001
all	604	1	19687287	0.0000001
all	605	2	19687287	0.0000001
all	607	1	19687287	0.0000001
all	608	1	19687287	0.0000001
all	610	1	19687287	0.0000001
all	615	2	19687287	0.0000001
all	617	1	19687287	0.0000001
all	622	2	19687287	0.0000001
all	626	1	19687287	0.0000001
all	627	1	19687287	0.0000001
all	628	1	19687287	0.0000001
all	630	1	19687287	0.0000001
all	631	2	19687287	0.0000001
all	634	1	19687287	0.0000001
all	637	1	19687287	0.0000001
all	642	1	19687287	0.0000001
all	643	1	19687287	0.0000001
all	646	1	19687287	0.0000001
all	648	1	19687287	0.0000001
all	650	1	19687287	0.0000001
all	654	1	19687287	0.0000001
all	657	2	19687287	0.0000001
all	659	1	19687287	0.0000001
all	660	1	19687287	0.0000001
all	662	1	19687287	0.0000001
all	666	1	19687287	0.0000001
all	667	1	19687287	0.0000001
all	668	1	19687287	0.0000001
all	672	1	19687287	0.0000001
all	681	1	19687287	0.0000001
all	683	1	19687287	0.0000001
all	684	1	19687287	0.0000001
all	685	1	19687287	0.0000001
all	686	1	19687287	0.0000001
all	687	2	19687287	0.0000001
all	688	2	19687287	0.0000001
all	691	1	19687287	0.0000001
all	692	1	19687287	0.0000001
all	693	1	19687287	0.0000001
all	695	1	19687287	0.0000001
all	702	1	19687287	0.0000001
all	703	1	19687287	0.0000001
all	708	2	19687287	0.0000001
all	710	1	19687287	0.0000001
all	711	1	19687287	0.0000001
all	712	1	19687287	0.0000001
all	713	1	19687287	0.0000001
all	718	1	19687287	0.0000001
all	722	1	19687287	0.0000001
all	730	1	19687287	0.0000001
all	731	1	19687287	0.0000001
all	735	1	19687287	0.0000001
all	737	1	19687287	0.0000001
all	741	1	19687287	0.0000001
all	743	1	19687287	0.0000001
all	745	1	19687287	0.0000001
all	748	1	19687287	0.0000001
all	749	2	19687287	0.0000001
all	754	1	19687287	0.0000001
all	755	1	19687287	0.0000001
all	757	1	19687287	0.0000001
all	758	1	19687287	0.0000001
all	760	1	19687287	0.0000001
all	762	1	19687287	0.0000001
all	767	1	19687287	0.0000001
all	768	1	19687287	0.0000001
all	773	1	19687287	0.0000001
all	774	1	19687287	0.0000001
all	775	1	19687287	0.0000001
all	776	1	19687287	0.0000001
all	781	1	19687287	0.0000001
all	782	1	19687287	0.0000001
all	785	1	19687287	0.0000001
all	786	1	19687287	0.0000001
all	788	1	19687287	0.0000001
all	789	1	19687287	0.0000001
all	790	1	19687287	0.0000001
all	794	1	19687287	0.0000001
all	796	2	19687287	0.0000001
all	801	1	19687287	0.0000001
all	806	2	19687287	0.0000001
all	807	1	19687287	0.0000001
all	808	1	19687287	0.0000001
all	813	1	19687287	0.0000001
all	815	1	19687287	0.0000001
all	816	1	19687287	0.0000001
all	818	1	19687287	0.0000001
all	819	1	19687287	0.0000001
all	825	1	19687287	0.0000001
all	826	1	19687287	0.0000001
all	827	1	19687287	0.0000001
all	832	2	19687287	0.0000001
all	833	1	19687287	0.0000001
all	835	1	19687287	0.0000001
all	836	1	19687287	0.0000001
all	837	3	19687287	0.0000002
all	838	1	19687287	0.0000001
all	839	1	19687287	0.0000001
all	840	1	19687287	0.0000001
all	841	5	19687287	0.0000003
all	842	1	19687287	0.0000001
all	843	2	19687287	0.0000001
all	844	2	19687287	0.0000001
all	845	3	19687287	0.0000002
all	846	2	19687287	0.0000001
all	847	1	19687287	0.0000001
all	855	1	19687287	0.0000001
all	858	1	19687287	0.0000001
all	881	1	19687287	0.0000001
all	885	1	19687287	0.0000001
all	897	1	19687287	0.0000001
all	904	1	19687287	0.0000001
all	921	1	19687287	0.0000001
all	927	1	19687287	0.0000001
all	934	1	19687287	0.0000001
all	945	1	19687287	0.0000001
all	948	1	19687287	0.0000001
all	955	1	19687287	0.0000001
all	974	1	19687287	0.0000001
all	1003	1	19687287	0.0000001
all	1012	1	19687287	0.0000001
all	1014	1	19687287	0.0000001
all	1022	1	19687287	0.0000001
all	1033	1	19687287	0.0000001
all	1055	1	19687287	0.0000001
all	1067	1	19687287	0.0000001
all	1085	1	19687287	0.0000001
all	1092	1	19687287	0.0000001
all	1114	1	19687287	0.0000001
all	1119	1	19687287	0.0000001
all	1133	1	19687287	0.0000001
all	1141	1	19687287	0.0000001
all	1145	1	19687287	0.0000001
all	1155	1	19687287	0.0000001
all	1162	1	19687287	0.0000001
all	1166	1	19687287	0.0000001
all	1187	1	19687287	0.0000001
all	1209	1	19687287	0.0000001
all	1218	1	19687287	0.0000001
all	1234	1	19687287	0.0000001
all	1240	1	19687287	0.0000001
all	1250	1	19687287	0.0000001
all	1253	1	19687287	0.0000001
all	1271	1	19687287	0.0000001
all	1282	1	19687287	0.0000001
all	1284	1	19687287	0.0000001
all	1306	1	19687287	0.0000001
all	1307	1	19687287	0.0000001
all	1314	1	19687287	0.0000001
all	1324	1	19687287	0.0000001
all	1326	1	19687287	0.0000001
all	1341	1	19687287	0.0000001
all	1354	1	19687287	0.0000001
all	1358	1	19687287	0.0000001
all	1365	1	19687287	0.0000001
all	1367	1	19687287	0.0000001
all	1370	1	19687287	0.0000001
all	1392	1	19687287	0.0000001
all	1402	1	19687287	0.0000001
all	1404	1	19687287	0.0000001
all	1410	1	19687287	0.0000001
all	1411	1	19687287	0.0000001
all	1416	1	19687287	0.0000001
all	1418	1	19687287	0.0000001
all	1422	1	19687287	0.0000001
all	1428	1	19687287	0.0000001
all	1441	1	19687287	0.0000001
all	1452	2	19687287	0.0000001
all	1466	1	19687287	0.0000001
all	1474	1	19687287	0.0000001
all	1475	1	19687287	0.0000001
all	1484	1	19687287	0.0000001
all	1485	1	19687287	0.0000001
all	1487	1	19687287	0.0000001
all	1497	1	19687287	0.0000001
all	1498	1	19687287	0.0000001
all	1501	1	19687287	0.0000001
all	1513	1	19687287	0.0000001
all	1515	1	19687287	0.0000001
all	1536	1	19687287	0.0000001
all	1538	1	19687287	0.0000001
all	1539	1	19687287	0.0000001
all	1541	1	19687287	0.0000001
all	1542	1	19687287	0.0000001
all	1547	1	19687287	0.0000001
all	1552	1	19687287	0.0000001
all	1560	2	19687287	0.0000001
all	1562	1	19687287	0.0000001
all	1567	1	19687287	0.0000001
all	1568	1	19687287	0.0000001
all	1569	1	19687287	0.0000001
all	1570	1	19687287	0.0000001
all	1576	1	19687287	0.0000001
all	1580	2	19687287	0.0000001
all	1586	2	19687287	0.0000001
all	1589	1	19687287	0.0000001
all	1592	1	19687287	0.0000001
all	1603	1	19687287	0.0000001
all	1605	1	19687287	0.0000001
all	1607	2	19687287	0.0000001
all	1609	1	19687287	0.0000001
all	1610	1	19687287	0.0000001
all	1611	2	19687287	0.0000001
all	1617	3	19687287	0.0000002
all	1618	1	19687287	0.0000001
all	1620	2	19687287	0.0000001
all	1622	3	19687287	0.0000002
all	1623	3	19687287	0.0000002
all	1628	2	19687287	0.0000001
all	1629	1	19687287	0.0000001
all	1630	2	19687287	0.0000001
all	1631	1	19687287	0.0000001
all	1635	2	19687287	0.0000001
all	1636	1	19687287	0.0000001
all	1637	1	19687287	0.0000001
all	1638	1	19687287	0.0000001
all	1639	2	19687287	0.0000001
all	1641	1	19687287	0.0000001
all	1642	1	19687287	0.0000001
all	1643	1	19687287	0.0000001
all	1644	4	19687287	0.0000002
all	1645	1	19687287	0.0000001
all	1647	2	19687287	0.0000001
all	1649	1	19687287	0.0000001
all	1650	5	19687287	0.0000003
all	1651	4	19687287	0.0000002
all	1652	2	19687287	0.0000001
all	1654	2	19687287	0.0000001
all	1656	1	19687287	0.0000001
all	1662	1	19687287	0.0000001
