all	0	844261	19687287	0.0428836
all	1	542045	19687287	0.0275327
all	2	833679	19687287	0.0423461
all	3	790530	19687287	0.0401543
all	4	930182	19687287	0.0472478
all	5	938949	19687287	0.0476932
all	6	1002512	19687287	0.0509218
all	7	998254	19687287	0.0507055
all	8	1015481	19687287	0.0515805
all	9	1003425	19687287	0.0509682
all	10	991051	19687287	0.0503396
all	11	964266	19687287	0.0489791
all	12	928185	19687287	0.0471464
all	13	873412	19687287	0.0443643
all	14	815584	19687287	0.0414269
all	15	751328	19687287	0.0381631
all	16	691654	19687287	0.0351320
all	17	627728	19687287	0.0318849
all	18	558221	19687287	0.0283544
all	19	502118	19687287	0.0255047
all	20	445101	19687287	0.0226085
all	21	392091	19687287	0.0199159
all	22	336799	19687287	0.0171074
all	23	290561	19687287	0.0147588
all	24	248310	19687287	0.0126127
all	25	211427	19687287	0.0107393
all	26	175632	19687287	0.0089211
all	27	147209	19687287	0.0074774
all	28	122736	19687287	0.0062343
all	29	102480	19687287	0.0052054
all	30	85285	19687287	0.0043320
all	31	70455	19687287	0.0035787
all	32	59787	19687287	0.0030368
all	33	49203	19687287	0.0024992
all	34	41030	19687287	0.0020841
all	35	34932	19687287	0.0017743
all	36	28418	19687287	0.0014435
all	37	24157	19687287	0.0012270
all	38	20123	19687287	0.0010221
all	39	16723	19687287	0.0008494
all	40	14242	19687287	0.0007234
all	41	12245	19687287	0.0006220
all	42	10877	19687287	0.0005525
all	43	9392	19687287	0.0004771
all	44	8454	19687287	0.0004294
all	45	7027	19687287	0.0003569
all	46	6643	19687287	0.0003374
all	47	6038	19687287	0.0003067
all	48	5925	19687287	0.0003010
all	49	5263	19687287	0.0002673
all	50	4783	19687287	0.0002429
all	51	4333	19687287	0.0002201
all	52	3740	19687287	0.0001900
all	53	3511	19687287	0.0001783
all	54	3391	19687287	0.0001722
all	55	3245	19687287	0.0001648
all	56	3046	19687287	0.0001547
all	57	2897	19687287	0.0001472
all	58	2648	19687287	0.0001345
all	59	2475	19687287	0.0001257
all	60	2365	19687287	0.0001201
all	61	2435	19687287	0.0001237
all	62	2267	19687287	0.0001152
all	63	2200	19687287	0.0001117
all	64	2126	19687287	0.0001080
all	65	1941	19687287	0.0000986
all	66	1962	19687287	0.0000997
all	67	1878	19687287	0.0000954
all	68	1774	19687287	0.0000901
all	69	1634	19687287	0.0000830
all	70	1570	19687287	0.0000797
all	71	1625	19687287	0.0000825
all	72	1544	19687287	0.0000784
all	73	1546	19687287	0.0000785
all	74	1351	19687287	0.0000686
all	75	1477	19687287	0.0000750
all	76	1380	19687287	0.0000701
all	77	1302	19687287	0.0000661
all	78	1237	19687287	0.0000628
all	79	1159	19687287	0.0000589
all	80	1108	19687287	0.0000563
all	81	1218	19687287	0.0000619
all	82	1011	19687287	0.0000514
all	83	917	19687287	0.0000466
all	84	912	19687287	0.0000463
all	85	902	19687287	0.0000458
all	86	871	19687287	0.0000442
all	87	902	19687287	0.0000458
all	88	745	19687287	0.0000378
all	89	806	19687287	0.0000409
all	90	759	19687287	0.0000386
all	91	729	19687287	0.0000370
all	92	676	19687287	0.0000343
all	93	595	19687287	0.0000302
all	94	629	19687287	0.0000319
all	95	555	19687287	0.0000282
all	96	529	19687287	0.0000269
all	97	536	19687287	0.0000272
all	98	531	19687287	0.0000270
all	99	506	19687287	0.0000257
all	100	361	19687287	0.0000183
all	101	364	19687287	0.0000185
all	102	319	19687287	0.0000162
all	103	318	19687287	0.0000162
all	104	341	19687287	0.0000173
all	105	369	19687287	0.0000187
all	106	387	19687287	0.0000197
all	107	363	19687287	0.0000184
all	108	360	19687287	0.0000183
all	109	311	19687287	0.0000158
all	110	275	19687287	0.0000140
all	111	295	19687287	0.0000150
all	112	247	19687287	0.0000125
all	113	246	19687287	0.0000125
all	114	245	19687287	0.0000124
all	115	253	19687287	0.0000129
all	116	204	19687287	0.0000104
all	117	200	19687287	0.0000102
all	118	171	19687287	0.0000087
all	119	185	19687287	0.0000094
all	120	185	19687287	0.0000094
all	121	191	19687287	0.0000097
all	122	173	19687287	0.0000088
all	123	166	19687287	0.0000084
all	124	157	19687287	0.0000080
all	125	117	19687287	0.0000059
all	126	151	19687287	0.0000077
all	127	130	19687287	0.0000066
all	128	139	19687287	0.0000071
all	129	101	19687287	0.0000051
all	130	116	19687287	0.0000059
all	131	93	19687287	0.0000047
all	132	102	19687287	0.0000052
all	133	86	19687287	0.0000044
all	134	71	19687287	0.0000036
all	135	95	19687287	0.0000048
all	136	87	19687287	0.0000044
all	137	78	19687287	0.0000040
all	138	90	19687287	0.0000046
all	139	68	19687287	0.0000035
all	140	86	19687287	0.0000044
all	141	74	19687287	0.0000038
all	142	54	19687287	0.0000027
all	143	70	19687287	0.0000036
all	144	95	19687287	0.0000048
all	145	58	19687287	0.0000029
all	146	69	19687287	0.0000035
all	147	49	19687287	0.0000025
all	148	49	19687287	0.0000025
all	149	45	19687287	0.0000023
all	150	53	19687287	0.0000027
all	151	60	19687287	0.0000030
all	152	54	19687287	0.0000027
all	153	54	19687287	0.0000027
all	154	56	19687287	0.0000028
all	155	38	19687287	0.0000019
all	156	44	19687287	0.0000022
all	157	29	19687287	0.0000015
all	158	51	19687287	0.0000026
all	159	34	19687287	0.0000017
all	160	44	19687287	0.0000022
all	161	31	19687287	0.0000016
all	162	24	19687287	0.0000012
all	163	31	19687287	0.0000016
all	164	41	19687287	0.0000021
all	165	29	19687287	0.0000015
all	166	21	19687287	0.0000011
all	167	29	19687287	0.0000015
all	168	40	19687287	0.0000020
all	169	37	19687287	0.0000019
all	170	56	19687287	0.0000028
all	171	34	19687287	0.0000017
all	172	49	19687287	0.0000025
all	173	45	19687287	0.0000023
all	174	26	19687287	0.0000013
all	175	12	19687287	0.0000006
all	176	23	19687287	0.0000012
all	177	15	19687287	0.0000008
all	178	21	19687287	0.0000011
all	179	29	19687287	0.0000015
all	180	27	19687287	0.0000014
all	181	26	19687287	0.0000013
all	182	17	19687287	0.0000009
all	183	24	19687287	0.0000012
all	184	32	19687287	0.0000016
all	185	24	19687287	0.0000012
all	186	13	19687287	0.0000007
all	187	19	19687287	0.0000010
all	188	24	19687287	0.0000012
all	189	26	19687287	0.0000013
all	190	17	19687287	0.0000009
all	191	16	19687287	0.0000008
all	192	21	19687287	0.0000011
all	193	17	19687287	0.0000009
all	194	23	19687287	0.0000012
all	195	28	19687287	0.0000014
all	196	15	19687287	0.0000008
all	197	20	19687287	0.0000010
all	198	18	19687287	0.0000009
all	199	32	19687287	0.0000016
all	200	24	19687287	0.0000012
all	201	24	19687287	0.0000012
all	202	26	19687287	0.0000013
all	203	26	19687287	0.0000013
all	204	24	19687287	0.0000012
all	205	13	19687287	0.0000007
all	206	12	19687287	0.0000006
all	207	18	19687287	0.0000009
all	208	17	19687287	0.0000009
all	209	22	19687287	0.0000011
all	210	15	19687287	0.0000008
all	211	26	19687287	0.0000013
all	212	12	19687287	0.0000006
all	213	11	19687287	0.0000006
all	214	11	19687287	0.0000006
all	215	10	19687287	0.0000005
all	216	11	19687287	0.0000006
all	217	7	19687287	0.0000004
all	218	18	19687287	0.0000009
all	219	14	19687287	0.0000007
all	220	12	19687287	0.0000006
all	221	10	19687287	0.0000005
all	222	7	19687287	0.0000004
all	223	7	19687287	0.0000004
all	224	9	19687287	0.0000005
all	225	14	19687287	0.0000007
all	226	20	19687287	0.0000010
all	227	11	19687287	0.0000006
all	228	5	19687287	0.0000003
all	229	6	19687287	0.0000003
all	230	5	19687287	0.0000003
all	231	2	19687287	0.0000001
all	232	6	19687287	0.0000003
all	233	10	19687287	0.0000005
all	234	7	19687287	0.0000004
all	235	2	19687287	0.0000001
all	236	4	19687287	0.0000002
all	237	5	19687287	0.0000003
all	238	6	19687287	0.0000003
all	239	3	19687287	0.0000002
all	240	5	19687287	0.0000003
all	241	9	19687287	0.0000005
all	242	15	19687287	0.0000008
all	243	8	19687287	0.0000004
all	244	5	19687287	0.0000003
all	245	7	19687287	0.0000004
all	246	8	19687287	0.0000004
all	247	8	19687287	0.0000004
all	248	10	19687287	0.0000005
all	249	7	19687287	0.0000004
all	250	2	19687287	0.0000001
all	251	3	19687287	0.0000002
all	252	6	19687287	0.0000003
all	253	13	19687287	0.0000007
all	254	2	19687287	0.0000001
all	255	9	19687287	0.0000005
all	256	1	19687287	0.0000001
all	257	5	19687287	0.0000003
all	258	8	19687287	0.0000004
all	259	12	19687287	0.0000006
all	260	5	19687287	0.0000003
all	261	9	19687287	0.0000005
all	262	7	19687287	0.0000004
all	263	6	19687287	0.0000003
all	264	4	19687287	0.0000002
all	265	2	19687287	0.0000001
all	266	6	19687287	0.0000003
all	267	5	19687287	0.0000003
all	268	3	19687287	0.0000002
all	269	4	19687287	0.0000002
all	271	2	19687287	0.0000001
all	272	5	19687287	0.0000003
all	273	7	19687287	0.0000004
all	274	7	19687287	0.0000004
all	275	7	19687287	0.0000004
all	276	9	19687287	0.0000005
all	277	7	19687287	0.0000004
all	278	10	19687287	0.0000005
all	279	7	19687287	0.0000004
all	280	6	19687287	0.0000003
all	281	6	19687287	0.0000003
all	282	4	19687287	0.0000002
all	283	5	19687287	0.0000003
all	284	3	19687287	0.0000002
all	285	1	19687287	0.0000001
all	286	2	19687287	0.0000001
all	287	5	19687287	0.0000003
all	288	8	19687287	0.0000004
all	289	5	19687287	0.0000003
all	290	7	19687287	0.0000004
all	291	3	19687287	0.0000002
all	292	8	19687287	0.0000004
all	293	11	19687287	0.0000006
all	294	6	19687287	0.0000003
all	295	7	19687287	0.0000004
all	296	8	19687287	0.0000004
all	297	6	19687287	0.0000003
all	298	9	19687287	0.0000005
all	299	9	19687287	0.0000005
all	300	5	19687287	0.0000003
all	301	5	19687287	0.0000003
all	302	3	19687287	0.0000002
all	303	6	19687287	0.0000003
all	304	4	19687287	0.0000002
all	305	4	19687287	0.0000002
all	306	13	19687287	0.0000007
all	307	10	19687287	0.0000005
all	308	10	19687287	0.0000005
all	309	5	19687287	0.0000003
all	310	4	19687287	0.0000002
all	311	6	19687287	0.0000003
all	312	9	19687287	0.0000005
all	313	6	19687287	0.0000003
all	314	10	19687287	0.0000005
all	315	7	19687287	0.0000004
all	316	4	19687287	0.0000002
all	318	1	19687287	0.0000001
all	325	1	19687287	0.0000001
all	336	1	19687287	0.0000001
all	342	1	19687287	0.0000001
all	352	1	19687287	0.0000001
all	360	1	19687287	0.0000001
all	363	1	19687287	0.0000001
all	382	1	19687287	0.0000001
all	383	1	19687287	0.0000001
all	389	1	19687287	0.0000001
all	394	2	19687287	0.0000001
all	400	1	19687287	0.0000001
all	411	1	19687287	0.0000001
all	413	1	19687287	0.0000001
all	418	1	19687287	0.0000001
all	422	2	19687287	0.0000001
all	428	1	19687287	0.0000001
all	430	1	19687287	0.0000001
all	436	1	19687287	0.0000001
all	441	1	19687287	0.0000001
all	442	1	19687287	0.0000001
all	446	1	19687287	0.0000001
all	453	1	19687287	0.0000001
all	468	1	19687287	0.0000001
all	477	1	19687287	0.0000001
all	491	1	19687287	0.0000001
all	504	1	19687287	0.0000001
all	507	1	19687287	0.0000001
all	515	1	19687287	0.0000001
all	519	1	19687287	0.0000001
all	528	1	19687287	0.0000001
all	534	1	19687287	0.0000001
all	547	1	19687287	0.0000001
all	568	1	19687287	0.0000001
all	570	1	19687287	0.0000001
all	580	1	19687287	0.0000001
all	586	1	19687287	0.0000001
all	591	1	19687287	0.0000001
all	601	1	19687287	0.0000001
all	603	2	19687287	0.0000001
all	619	2	19687287	0.0000001
all	634	1	19687287	0.0000001
all	636	1	19687287	0.0000001
all	653	1	19687287	0.0000001
all	664	1	19687287	0.0000001
all	670	1	19687287	0.0000001
all	683	2	19687287	0.0000001
all	694	1	19687287	0.0000001
all	696	1	19687287	0.0000001
all	703	1	19687287	0.0000001
all	729	1	19687287	0.0000001
all	745	1	19687287	0.0000001
all	746	1	19687287	0.0000001
all	763	1	19687287	0.0000001
all	764	1	19687287	0.0000001
all	779	1	19687287	0.0000001
all	786	1	19687287	0.0000001
all	799	1	19687287	0.0000001
all	803	1	19687287	0.0000001
all	806	1	19687287	0.0000001
all	811	1	19687287	0.0000001
all	827	1	19687287	0.0000001
all	835	1	19687287	0.0000001
all	836	1	19687287	0.0000001
all	852	1	19687287	0.0000001
all	858	1	19687287	0.0000001
all	866	1	19687287	0.0000001
all	869	1	19687287	0.0000001
all	871	1	19687287	0.0000001
all	886	1	19687287	0.0000001
all	894	1	19687287	0.0000001
all	901	1	19687287	0.0000001
all	912	1	19687287	0.0000001
all	917	1	19687287	0.0000001
all	922	1	19687287	0.0000001
all	929	1	19687287	0.0000001
all	937	1	19687287	0.0000001
all	940	1	19687287	0.0000001
all	945	1	19687287	0.0000001
all	956	1	19687287	0.0000001
all	958	1	19687287	0.0000001
all	972	1	19687287	0.0000001
all	995	1	19687287	0.0000001
all	1001	1	19687287	0.0000001
all	1003	1	19687287	0.0000001
all	1009	2	19687287	0.0000001
all	1024	1	19687287	0.0000001
all	1025	1	19687287	0.0000001
all	1032	1	19687287	0.0000001
all	1034	1	19687287	0.0000001
all	1041	1	19687287	0.0000001
all	1045	1	19687287	0.0000001
all	1048	1	19687287	0.0000001
all	1052	1	19687287	0.0000001
all	1058	1	19687287	0.0000001
all	1062	1	19687287	0.0000001
all	1064	1	19687287	0.0000001
all	1071	1	19687287	0.0000001
all	1072	2	19687287	0.0000001
all	1075	1	19687287	0.0000001
all	1084	1	19687287	0.0000001
all	1085	1	19687287	0.0000001
all	1090	1	19687287	0.0000001
all	1092	1	19687287	0.0000001
all	1103	2	19687287	0.0000001
all	1116	1	19687287	0.0000001
all	1121	1	19687287	0.0000001
all	1124	1	19687287	0.0000001
all	1131	1	19687287	0.0000001
all	1132	1	19687287	0.0000001
all	1138	1	19687287	0.0000001
all	1142	1	19687287	0.0000001
all	1145	1	19687287	0.0000001
all	1148	1	19687287	0.0000001
all	1151	1	19687287	0.0000001
all	1153	1	19687287	0.0000001
all	1158	2	19687287	0.0000001
all	1159	2	19687287	0.0000001
all	1164	1	19687287	0.0000001
all	1165	1	19687287	0.0000001
all	1167	1	19687287	0.0000001
all	1168	1	19687287	0.0000001
all	1170	1	19687287	0.0000001
all	1171	1	19687287	0.0000001
all	1172	1	19687287	0.0000001
all	1175	1	19687287	0.0000001
all	1177	1	19687287	0.0000001
all	1179	1	19687287	0.0000001
all	1180	2	19687287	0.0000001
all	1183	1	19687287	0.0000001
all	1184	1	19687287	0.0000001
all	1185	1	19687287	0.0000001
all	1186	1	19687287	0.0000001
all	1187	2	19687287	0.0000001
all	1188	1	19687287	0.0000001
all	1192	2	19687287	0.0000001
all	1193	2	19687287	0.0000001
all	1194	3	19687287	0.0000002
all	1195	3	19687287	0.0000002
all	1197	2	19687287	0.0000001
all	1199	1	19687287	0.0000001
all	1201	2	19687287	0.0000001
all	1203	1	19687287	0.0000001
all	1205	3	19687287	0.0000002
all	1206	1	19687287	0.0000001
all	1208	2	19687287	0.0000001
all	1210	4	19687287	0.0000002
all	1211	5	19687287	0.0000003
all	1212	1	19687287	0.0000001
all	1213	5	19687287	0.0000003
all	1214	1	19687287	0.0000001
all	1216	3	19687287	0.0000002
all	1217	1	19687287	0.0000001
all	1218	1	19687287	0.0000001
all	1219	1	19687287	0.0000001
all	1220	2	19687287	0.0000001
