all	0	3823134	23346943	0.1637531
all	1	1413122	23346943	0.0605271
all	2	1602471	23346943	0.0686373
all	3	1358724	23346943	0.0581971
all	4	1442139	23346943	0.0617699
all	5	1355115	23346943	0.0580425
all	6	1362809	23346943	0.0583721
all	7	1302167	23346943	0.0557746
all	8	1239186	23346943	0.0530770
all	9	1155549	23346943	0.0494947
all	10	1063281	23346943	0.0455426
all	11	957264	23346943	0.0410017
all	12	845068	23346943	0.0361961
all	13	743609	23346943	0.0318504
all	14	638571	23346943	0.0273514
all	15	540315	23346943	0.0231429
all	16	452816	23346943	0.0193951
all	17	380103	23346943	0.0162806
all	18	313376	23346943	0.0134226
all	19	256475	23346943	0.0109854
all	20	206164	23346943	0.0088304
all	21	164953	23346943	0.0070653
all	22	129479	23346943	0.0055459
all	23	104248	23346943	0.0044652
all	24	82821	23346943	0.0035474
all	25	66327	23346943	0.0028409
all	26	53691	23346943	0.0022997
all	27	41968	23346943	0.0017976
all	28	33561	23346943	0.0014375
all	29	25751	23346943	0.0011030
all	30	21610	23346943	0.0009256
all	31	17289	23346943	0.0007405
all	32	14452	23346943	0.0006190
all	33	12595	23346943	0.0005395
all	34	10727	23346943	0.0004595
all	35	9309	23346943	0.0003987
all	36	8152	23346943	0.0003492
all	37	7019	23346943	0.0003006
all	38	6527	23346943	0.0002796
all	39	5489	23346943	0.0002351
all	40	4817	23346943	0.0002063
all	41	4456	23346943	0.0001909
all	42	4126	23346943	0.0001767
all	43	3459	23346943	0.0001482
all	44	3005	23346943	0.0001287
all	45	3029	23346943	0.0001297
all	46	3069	23346943	0.0001315
all	47	2773	23346943	0.0001188
all	48	2643	23346943	0.0001132
all	49	2505	23346943	0.0001073
all	50	2259	23346943	0.0000968
all	51	2335	23346943	0.0001000
all	52	2049	23346943	0.0000878
all	53	1846	23346943	0.0000791
all	54	1821	23346943	0.0000780
all	55	1790	23346943	0.0000767
all	56	1741	23346943	0.0000746
all	57	1525	23346943	0.0000653
all	58	1553	23346943	0.0000665
all	59	1491	23346943	0.0000639
all	60	1229	23346943	0.0000526
all	61	1129	23346943	0.0000484
all	62	1052	23346943	0.0000451
all	63	1054	23346943	0.0000451
all	64	957	23346943	0.0000410
all	65	944	23346943	0.0000404
all	66	962	23346943	0.0000412
all	67	858	23346943	0.0000367
all	68	849	23346943	0.0000364
all	69	856	23346943	0.0000367
all	70	777	23346943	0.0000333
all	71	796	23346943	0.0000341
all	72	671	23346943	0.0000287
all	73	707	23346943	0.0000303
all	74	702	23346943	0.0000301
all	75	720	23346943	0.0000308
all	76	673	23346943	0.0000288
all	77	588	23346943	0.0000252
all	78	473	23346943	0.0000203
all	79	485	23346943	0.0000208
all	80	426	23346943	0.0000182
all	81	373	23346943	0.0000160
all	82	399	23346943	0.0000171
all	83	388	23346943	0.0000166
all	84	328	23346943	0.0000140
all	85	302	23346943	0.0000129
all	86	252	23346943	0.0000108
all	87	240	23346943	0.0000103
all	88	214	23346943	0.0000092
all	89	217	23346943	0.0000093
all	90	244	23346943	0.0000105
all	91	266	23346943	0.0000114
all	92	238	23346943	0.0000102
all	93	217	23346943	0.0000093
all	94	172	23346943	0.0000074
all	95	154	23346943	0.0000066
all	96	138	23346943	0.0000059
all	97	112	23346943	0.0000048
all	98	126	23346943	0.0000054
all	99	121	23346943	0.0000052
all	100	107	23346943	0.0000046
all	101	126	23346943	0.0000054
all	102	119	23346943	0.0000051
all	103	122	23346943	0.0000052
all	104	112	23346943	0.0000048
all	105	94	23346943	0.0000040
all	106	97	23346943	0.0000042
all	107	118	23346943	0.0000051
all	108	97	23346943	0.0000042
all	109	105	23346943	0.0000045
all	110	88	23346943	0.0000038
all	111	96	23346943	0.0000041
all	112	100	23346943	0.0000043
all	113	78	23346943	0.0000033
all	114	95	23346943	0.0000041
all	115	98	23346943	0.0000042
all	116	58	23346943	0.0000025
all	117	67	23346943	0.0000029
all	118	58	23346943	0.0000025
all	119	53	23346943	0.0000023
all	120	88	23346943	0.0000038
all	121	64	23346943	0.0000027
all	122	70	23346943	0.0000030
all	123	68	23346943	0.0000029
all	124	33	23346943	0.0000014
all	125	77	23346943	0.0000033
all	126	60	23346943	0.0000026
all	127	46	23346943	0.0000020
all	128	76	23346943	0.0000033
all	129	117	23346943	0.0000050
all	130	58	23346943	0.0000025
all	131	65	23346943	0.0000028
all	132	52	23346943	0.0000022
all	133	54	23346943	0.0000023
all	134	47	23346943	0.0000020
all	135	33	23346943	0.0000014
all	136	47	23346943	0.0000020
all	137	45	23346943	0.0000019
all	138	45	23346943	0.0000019
all	139	43	23346943	0.0000018
all	140	67	23346943	0.0000029
all	141	53	23346943	0.0000023
all	142	37	23346943	0.0000016
all	143	43	23346943	0.0000018
all	144	36	23346943	0.0000015
all	145	46	23346943	0.0000020
all	146	40	23346943	0.0000017
all	147	34	23346943	0.0000015
all	148	39	23346943	0.0000017
all	149	23	23346943	0.0000010
all	150	17	23346943	0.0000007
all	151	51	23346943	0.0000022
all	152	33	23346943	0.0000014
all	153	28	23346943	0.0000012
all	154	24	23346943	0.0000010
all	155	29	23346943	0.0000012
all	156	31	23346943	0.0000013
all	157	29	23346943	0.0000012
all	158	35	23346943	0.0000015
all	159	36	23346943	0.0000015
all	160	32	23346943	0.0000014
all	161	25	23346943	0.0000011
all	162	34	23346943	0.0000015
all	163	19	23346943	0.0000008
all	164	23	23346943	0.0000010
all	165	16	23346943	0.0000007
all	166	25	23346943	0.0000011
all	167	16	23346943	0.0000007
all	168	18	23346943	0.0000008
all	169	16	23346943	0.0000007
all	170	17	23346943	0.0000007
all	171	17	23346943	0.0000007
all	172	22	23346943	0.0000009
all	173	9	23346943	0.0000004
all	174	15	23346943	0.0000006
all	175	14	23346943	0.0000006
all	176	13	23346943	0.0000006
all	177	15	23346943	0.0000006
all	178	20	23346943	0.0000009
all	179	15	23346943	0.0000006
all	180	6	23346943	0.0000003
all	181	14	23346943	0.0000006
all	182	12	23346943	0.0000005
all	183	9	23346943	0.0000004
all	184	10	23346943	0.0000004
all	185	6	23346943	0.0000003
all	186	10	23346943	0.0000004
all	187	11	23346943	0.0000005
all	188	7	23346943	0.0000003
all	189	8	23346943	0.0000003
all	190	16	23346943	0.0000007
all	191	4	23346943	0.0000002
all	192	6	23346943	0.0000003
all	193	5	23346943	0.0000002
all	194	4	23346943	0.0000002
all	195	2	23346943	0.0000001
all	196	3	23346943	0.0000001
all	197	5	23346943	0.0000002
all	198	7	23346943	0.0000003
all	199	8	23346943	0.0000003
all	200	6	23346943	0.0000003
all	201	9	23346943	0.0000004
all	202	3	23346943	0.0000001
all	203	7	23346943	0.0000003
all	204	4	23346943	0.0000002
all	205	5	23346943	0.0000002
all	206	8	23346943	0.0000003
all	207	7	23346943	0.0000003
all	208	4	23346943	0.0000002
all	209	4	23346943	0.0000002
all	210	4	23346943	0.0000002
all	211	10	23346943	0.0000004
all	212	8	23346943	0.0000003
all	213	12	23346943	0.0000005
all	214	6	23346943	0.0000003
all	215	10	23346943	0.0000004
all	216	2	23346943	0.0000001
all	217	8	23346943	0.0000003
all	218	7	23346943	0.0000003
all	219	8	23346943	0.0000003
all	220	17	23346943	0.0000007
all	221	30	23346943	0.0000013
all	222	10	23346943	0.0000004
all	223	17	23346943	0.0000007
all	224	17	23346943	0.0000007
all	225	8	23346943	0.0000003
all	226	16	23346943	0.0000007
all	227	15	23346943	0.0000006
all	228	12	23346943	0.0000005
all	229	5	23346943	0.0000002
all	230	7	23346943	0.0000003
all	231	3	23346943	0.0000001
all	232	2	23346943	0.0000001
all	233	2	23346943	0.0000001
all	234	4	23346943	0.0000002
all	235	6	23346943	0.0000003
all	236	5	23346943	0.0000002
all	237	1	23346943	0.0000000
all	238	2	23346943	0.0000001
all	239	4	23346943	0.0000002
all	240	4	23346943	0.0000002
all	242	1	23346943	0.0000000
all	243	2	23346943	0.0000001
all	244	4	23346943	0.0000002
all	245	2	23346943	0.0000001
all	246	1	23346943	0.0000000
all	247	3	23346943	0.0000001
all	249	6	23346943	0.0000003
all	251	5	23346943	0.0000002
all	252	1	23346943	0.0000000
all	253	2	23346943	0.0000001
all	254	3	23346943	0.0000001
all	255	1	23346943	0.0000000
all	256	2	23346943	0.0000001
all	257	2	23346943	0.0000001
all	259	1	23346943	0.0000000
all	260	1	23346943	0.0000000
all	261	2	23346943	0.0000001
all	262	3	23346943	0.0000001
all	263	2	23346943	0.0000001
all	264	3	23346943	0.0000001
all	265	1	23346943	0.0000000
all	266	4	23346943	0.0000002
all	267	2	23346943	0.0000001
all	268	3	23346943	0.0000001
all	269	2	23346943	0.0000001
all	270	2	23346943	0.0000001
all	271	2	23346943	0.0000001
all	272	4	23346943	0.0000002
all	273	5	23346943	0.0000002
all	274	2	23346943	0.0000001
all	275	2	23346943	0.0000001
all	276	1	23346943	0.0000000
all	277	3	23346943	0.0000001
all	278	3	23346943	0.0000001
all	279	3	23346943	0.0000001
all	280	4	23346943	0.0000002
all	281	1	23346943	0.0000000
all	282	1	23346943	0.0000000
all	283	2	23346943	0.0000001
all	284	2	23346943	0.0000001
all	285	4	23346943	0.0000002
all	286	1	23346943	0.0000000
all	287	2	23346943	0.0000001
all	288	3	23346943	0.0000001
all	290	6	23346943	0.0000003
all	291	4	23346943	0.0000002
all	292	2	23346943	0.0000001
all	293	2	23346943	0.0000001
all	294	2	23346943	0.0000001
all	295	3	23346943	0.0000001
all	296	2	23346943	0.0000001
all	297	1	23346943	0.0000000
all	298	2	23346943	0.0000001
all	299	5	23346943	0.0000002
all	300	2	23346943	0.0000001
all	301	3	23346943	0.0000001
all	303	3	23346943	0.0000001
all	305	3	23346943	0.0000001
all	306	6	23346943	0.0000003
all	307	2	23346943	0.0000001
all	308	1	23346943	0.0000000
all	309	2	23346943	0.0000001
all	310	6	23346943	0.0000003
all	311	1	23346943	0.0000000
all	312	3	23346943	0.0000001
all	313	3	23346943	0.0000001
all	314	2	23346943	0.0000001
all	315	5	23346943	0.0000002
all	316	2	23346943	0.0000001
all	317	1	23346943	0.0000000
all	318	4	23346943	0.0000002
all	319	2	23346943	0.0000001
all	320	2	23346943	0.0000001
all	321	3	23346943	0.0000001
all	322	1	23346943	0.0000000
all	323	2	23346943	0.0000001
all	324	2	23346943	0.0000001
all	325	2	23346943	0.0000001
all	326	3	23346943	0.0000001
all	327	1	23346943	0.0000000
all	328	3	23346943	0.0000001
all	329	2	23346943	0.0000001
all	331	2	23346943	0.0000001
all	332	2	23346943	0.0000001
all	333	1	23346943	0.0000000
all	334	2	23346943	0.0000001
all	335	2	23346943	0.0000001
all	336	1	23346943	0.0000000
all	337	3	23346943	0.0000001
all	338	4	23346943	0.0000002
all	339	7	23346943	0.0000003
all	340	2	23346943	0.0000001
all	341	1	23346943	0.0000000
all	342	1	23346943	0.0000000
all	343	2	23346943	0.0000001
all	344	4	23346943	0.0000002
all	345	7	23346943	0.0000003
all	346	19	23346943	0.0000008
all	347	16	23346943	0.0000007
all	348	11	23346943	0.0000005
all	350	4	23346943	0.0000002
all	351	4	23346943	0.0000002
all	352	2	23346943	0.0000001
all	353	4	23346943	0.0000002
all	354	2	23346943	0.0000001
all	357	2	23346943	0.0000001
all	358	4	23346943	0.0000002
all	359	1	23346943	0.0000000
all	360	2	23346943	0.0000001
all	361	2	23346943	0.0000001
all	362	1	23346943	0.0000000
all	363	2	23346943	0.0000001
all	364	1	23346943	0.0000000
all	365	1	23346943	0.0000000
all	367	2	23346943	0.0000001
all	368	1	23346943	0.0000000
all	369	3	23346943	0.0000001
all	370	3	23346943	0.0000001
all	371	1	23346943	0.0000000
all	372	4	23346943	0.0000002
all	373	1	23346943	0.0000000
all	374	3	23346943	0.0000001
all	375	1	23346943	0.0000000
all	376	3	23346943	0.0000001
all	377	1	23346943	0.0000000
all	379	4	23346943	0.0000002
all	380	3	23346943	0.0000001
all	381	1	23346943	0.0000000
all	383	2	23346943	0.0000001
all	386	1	23346943	0.0000000
all	388	3	23346943	0.0000001
all	389	3	23346943	0.0000001
all	390	2	23346943	0.0000001
all	391	1	23346943	0.0000000
all	392	1	23346943	0.0000000
all	393	1	23346943	0.0000000
all	395	1	23346943	0.0000000
all	396	1	23346943	0.0000000
all	397	1	23346943	0.0000000
all	398	1	23346943	0.0000000
all	399	1	23346943	0.0000000
all	400	1	23346943	0.0000000
all	402	1	23346943	0.0000000
all	403	1	23346943	0.0000000
all	404	2	23346943	0.0000001
all	405	1	23346943	0.0000000
all	406	1	23346943	0.0000000
all	407	1	23346943	0.0000000
all	408	1	23346943	0.0000000
all	409	2	23346943	0.0000001
all	410	1	23346943	0.0000000
all	412	2	23346943	0.0000001
all	413	3	23346943	0.0000001
all	414	2	23346943	0.0000001
all	416	2	23346943	0.0000001
all	419	3	23346943	0.0000001
all	421	3	23346943	0.0000001
all	422	1	23346943	0.0000000
all	423	4	23346943	0.0000002
all	425	1	23346943	0.0000000
all	426	2	23346943	0.0000001
all	427	3	23346943	0.0000001
all	428	2	23346943	0.0000001
all	429	1	23346943	0.0000000
all	430	2	23346943	0.0000001
all	431	5	23346943	0.0000002
all	432	3	23346943	0.0000001
all	433	1	23346943	0.0000000
all	434	2	23346943	0.0000001
all	435	1	23346943	0.0000000
all	436	2	23346943	0.0000001
all	437	5	23346943	0.0000002
all	438	1	23346943	0.0000000
all	441	2	23346943	0.0000001
all	443	2	23346943	0.0000001
all	444	1	23346943	0.0000000
all	445	2	23346943	0.0000001
all	446	2	23346943	0.0000001
all	447	1	23346943	0.0000000
all	448	1	23346943	0.0000000
all	449	1	23346943	0.0000000
all	451	4	23346943	0.0000002
all	452	4	23346943	0.0000002
all	453	4	23346943	0.0000002
all	455	3	23346943	0.0000001
all	457	3	23346943	0.0000001
all	458	2	23346943	0.0000001
all	460	1	23346943	0.0000000
all	461	2	23346943	0.0000001
all	462	5	23346943	0.0000002
all	463	3	23346943	0.0000001
all	465	2	23346943	0.0000001
all	466	1	23346943	0.0000000
all	467	2	23346943	0.0000001
all	468	1	23346943	0.0000000
all	469	6	23346943	0.0000003
all	470	2	23346943	0.0000001
all	471	5	23346943	0.0000002
all	472	4	23346943	0.0000002
all	473	3	23346943	0.0000001
all	475	1	23346943	0.0000000
all	476	1	23346943	0.0000000
all	477	2	23346943	0.0000001
all	478	2	23346943	0.0000001
all	479	2	23346943	0.0000001
all	481	1	23346943	0.0000000
all	482	1	23346943	0.0000000
all	483	4	23346943	0.0000002
all	484	1	23346943	0.0000000
all	485	3	23346943	0.0000001
all	486	3	23346943	0.0000001
all	487	1	23346943	0.0000000
all	489	2	23346943	0.0000001
all	491	3	23346943	0.0000001
all	492	2	23346943	0.0000001
all	493	1	23346943	0.0000000
all	494	1	23346943	0.0000000
all	495	5	23346943	0.0000002
all	496	3	23346943	0.0000001
all	497	7	23346943	0.0000003
all	498	1	23346943	0.0000000
all	499	3	23346943	0.0000001
all	500	3	23346943	0.0000001
all	501	1	23346943	0.0000000
all	502	5	23346943	0.0000002
all	503	1	23346943	0.0000000
all	504	3	23346943	0.0000001
all	505	2	23346943	0.0000001
all	506	3	23346943	0.0000001
all	507	4	23346943	0.0000002
all	508	5	23346943	0.0000002
all	509	2	23346943	0.0000001
all	510	5	23346943	0.0000002
all	511	2	23346943	0.0000001
all	512	5	23346943	0.0000002
all	513	2	23346943	0.0000001
all	514	5	23346943	0.0000002
all	515	5	23346943	0.0000002
all	516	4	23346943	0.0000002
all	517	8	23346943	0.0000003
all	518	2	23346943	0.0000001
all	519	2	23346943	0.0000001
all	520	6	23346943	0.0000003
all	521	3	23346943	0.0000001
all	522	5	23346943	0.0000002
all	523	11	23346943	0.0000005
all	524	6	23346943	0.0000003
all	525	3	23346943	0.0000001
all	526	4	23346943	0.0000002
all	527	1	23346943	0.0000000
all	528	1	23346943	0.0000000
all	529	1	23346943	0.0000000
all	530	1	23346943	0.0000000
all	532	3	23346943	0.0000001
all	533	1	23346943	0.0000000
all	535	3	23346943	0.0000001
all	536	1	23346943	0.0000000
all	537	1	23346943	0.0000000
all	538	1	23346943	0.0000000
all	539	1	23346943	0.0000000
all	540	1	23346943	0.0000000
all	541	3	23346943	0.0000001
all	544	1	23346943	0.0000000
all	545	1	23346943	0.0000000
all	546	1	23346943	0.0000000
all	547	2	23346943	0.0000001
all	548	1	23346943	0.0000000
all	549	1	23346943	0.0000000
all	551	3	23346943	0.0000001
all	552	1	23346943	0.0000000
all	554	1	23346943	0.0000000
all	555	2	23346943	0.0000001
all	556	1	23346943	0.0000000
all	557	3	23346943	0.0000001
all	559	2	23346943	0.0000001
all	560	2	23346943	0.0000001
all	561	3	23346943	0.0000001
all	562	1	23346943	0.0000000
all	564	2	23346943	0.0000001
all	565	1	23346943	0.0000000
all	566	1	23346943	0.0000000
all	567	1	23346943	0.0000000
all	568	2	23346943	0.0000001
all	569	2	23346943	0.0000001
all	571	1	23346943	0.0000000
all	572	2	23346943	0.0000001
all	573	1	23346943	0.0000000
all	575	1	23346943	0.0000000
all	576	1	23346943	0.0000000
all	577	4	23346943	0.0000002
all	578	1	23346943	0.0000000
all	579	1	23346943	0.0000000
all	580	2	23346943	0.0000001
all	581	1	23346943	0.0000000
all	583	2	23346943	0.0000001
all	585	1	23346943	0.0000000
all	586	2	23346943	0.0000001
all	587	2	23346943	0.0000001
all	588	1	23346943	0.0000000
all	589	3	23346943	0.0000001
all	591	2	23346943	0.0000001
all	592	1	23346943	0.0000000
all	593	1	23346943	0.0000000
all	594	1	23346943	0.0000000
all	595	2	23346943	0.0000001
all	596	2	23346943	0.0000001
all	597	2	23346943	0.0000001
all	599	1	23346943	0.0000000
all	601	2	23346943	0.0000001
all	602	1	23346943	0.0000000
all	603	1	23346943	0.0000000
all	604	2	23346943	0.0000001
all	605	4	23346943	0.0000002
all	606	3	23346943	0.0000001
all	607	1	23346943	0.0000000
all	608	1	23346943	0.0000000
all	609	1	23346943	0.0000000
all	610	4	23346943	0.0000002
all	611	3	23346943	0.0000001
all	612	2	23346943	0.0000001
all	613	2	23346943	0.0000001
all	614	2	23346943	0.0000001
all	615	5	23346943	0.0000002
all	616	2	23346943	0.0000001
all	617	2	23346943	0.0000001
all	618	5	23346943	0.0000002
all	620	1	23346943	0.0000000
all	621	3	23346943	0.0000001
all	622	2	23346943	0.0000001
all	623	1	23346943	0.0000000
all	624	1	23346943	0.0000000
all	625	2	23346943	0.0000001
all	626	2	23346943	0.0000001
all	627	3	23346943	0.0000001
all	628	1	23346943	0.0000000
all	630	1	23346943	0.0000000
all	631	2	23346943	0.0000001
all	634	1	23346943	0.0000000
all	635	1	23346943	0.0000000
all	637	3	23346943	0.0000001
all	642	2	23346943	0.0000001
all	643	1	23346943	0.0000000
all	646	2	23346943	0.0000001
all	647	1	23346943	0.0000000
all	648	1	23346943	0.0000000
all	650	2	23346943	0.0000001
all	651	2	23346943	0.0000001
all	654	1	23346943	0.0000000
all	655	1	23346943	0.0000000
all	657	2	23346943	0.0000001
all	658	1	23346943	0.0000000
all	659	2	23346943	0.0000001
all	660	3	23346943	0.0000001
all	662	1	23346943	0.0000000
all	663	1	23346943	0.0000000
all	664	2	23346943	0.0000001
all	665	2	23346943	0.0000001
all	666	2	23346943	0.0000001
all	667	1	23346943	0.0000000
all	668	2	23346943	0.0000001
all	669	2	23346943	0.0000001
all	670	1	23346943	0.0000000
all	671	2	23346943	0.0000001
all	672	2	23346943	0.0000001
all	673	2	23346943	0.0000001
all	674	1	23346943	0.0000000
all	675	3	23346943	0.0000001
all	677	2	23346943	0.0000001
all	678	1	23346943	0.0000000
all	679	3	23346943	0.0000001
all	680	2	23346943	0.0000001
all	681	4	23346943	0.0000002
all	683	5	23346943	0.0000002
all	684	1	23346943	0.0000000
all	685	1	23346943	0.0000000
all	686	3	23346943	0.0000001
all	687	3	23346943	0.0000001
all	688	5	23346943	0.0000002
all	689	3	23346943	0.0000001
all	690	3	23346943	0.0000001
all	691	4	23346943	0.0000002
all	692	4	23346943	0.0000002
all	693	2	23346943	0.0000001
all	694	1	23346943	0.0000000
all	695	2	23346943	0.0000001
all	699	1	23346943	0.0000000
all	700	1	23346943	0.0000000
all	702	1	23346943	0.0000000
all	703	1	23346943	0.0000000
all	708	2	23346943	0.0000001
all	710	1	23346943	0.0000000
all	711	1	23346943	0.0000000
all	712	1	23346943	0.0000000
all	713	1	23346943	0.0000000
all	718	1	23346943	0.0000000
all	722	1	23346943	0.0000000
all	730	1	23346943	0.0000000
all	731	1	23346943	0.0000000
all	735	1	23346943	0.0000000
all	737	1	23346943	0.0000000
all	741	1	23346943	0.0000000
all	743	1	23346943	0.0000000
all	745	1	23346943	0.0000000
all	748	1	23346943	0.0000000
all	749	2	23346943	0.0000001
all	754	1	23346943	0.0000000
all	755	1	23346943	0.0000000
all	757	1	23346943	0.0000000
all	758	1	23346943	0.0000000
all	760	1	23346943	0.0000000
all	762	1	23346943	0.0000000
all	767	1	23346943	0.0000000
all	768	1	23346943	0.0000000
all	773	1	23346943	0.0000000
all	774	1	23346943	0.0000000
all	775	1	23346943	0.0000000
all	776	1	23346943	0.0000000
all	781	1	23346943	0.0000000
all	782	1	23346943	0.0000000
all	785	1	23346943	0.0000000
all	786	1	23346943	0.0000000
all	788	1	23346943	0.0000000
all	789	1	23346943	0.0000000
all	790	1	23346943	0.0000000
all	794	1	23346943	0.0000000
all	796	2	23346943	0.0000001
all	801	1	23346943	0.0000000
all	806	2	23346943	0.0000001
all	807	1	23346943	0.0000000
all	808	1	23346943	0.0000000
all	813	1	23346943	0.0000000
all	815	1	23346943	0.0000000
all	816	1	23346943	0.0000000
all	818	1	23346943	0.0000000
all	819	1	23346943	0.0000000
all	825	1	23346943	0.0000000
all	826	1	23346943	0.0000000
all	827	1	23346943	0.0000000
all	832	2	23346943	0.0000001
all	833	1	23346943	0.0000000
all	835	1	23346943	0.0000000
all	836	1	23346943	0.0000000
all	837	3	23346943	0.0000001
all	838	1	23346943	0.0000000
all	839	1	23346943	0.0000000
all	840	1	23346943	0.0000000
all	841	5	23346943	0.0000002
all	842	1	23346943	0.0000000
all	843	2	23346943	0.0000001
all	844	2	23346943	0.0000001
all	845	3	23346943	0.0000001
all	846	2	23346943	0.0000001
all	847	1	23346943	0.0000000
all	855	1	23346943	0.0000000
all	858	1	23346943	0.0000000
all	881	1	23346943	0.0000000
all	885	1	23346943	0.0000000
all	897	1	23346943	0.0000000
all	904	1	23346943	0.0000000
all	921	1	23346943	0.0000000
all	927	1	23346943	0.0000000
all	934	1	23346943	0.0000000
all	945	1	23346943	0.0000000
all	948	1	23346943	0.0000000
all	955	1	23346943	0.0000000
all	974	1	23346943	0.0000000
all	1003	1	23346943	0.0000000
all	1012	1	23346943	0.0000000
all	1014	1	23346943	0.0000000
all	1022	1	23346943	0.0000000
all	1033	1	23346943	0.0000000
all	1055	1	23346943	0.0000000
all	1067	1	23346943	0.0000000
all	1085	1	23346943	0.0000000
all	1092	1	23346943	0.0000000
all	1114	1	23346943	0.0000000
all	1119	1	23346943	0.0000000
all	1133	1	23346943	0.0000000
all	1141	1	23346943	0.0000000
all	1145	1	23346943	0.0000000
all	1155	1	23346943	0.0000000
all	1162	1	23346943	0.0000000
all	1166	1	23346943	0.0000000
all	1187	1	23346943	0.0000000
all	1209	1	23346943	0.0000000
all	1218	1	23346943	0.0000000
all	1234	1	23346943	0.0000000
all	1240	1	23346943	0.0000000
all	1250	1	23346943	0.0000000
all	1253	1	23346943	0.0000000
all	1271	1	23346943	0.0000000
all	1282	1	23346943	0.0000000
all	1284	1	23346943	0.0000000
all	1306	1	23346943	0.0000000
all	1307	1	23346943	0.0000000
all	1314	1	23346943	0.0000000
all	1324	1	23346943	0.0000000
all	1326	1	23346943	0.0000000
all	1341	1	23346943	0.0000000
all	1354	1	23346943	0.0000000
all	1358	1	23346943	0.0000000
all	1365	1	23346943	0.0000000
all	1367	1	23346943	0.0000000
all	1370	1	23346943	0.0000000
all	1392	1	23346943	0.0000000
all	1402	1	23346943	0.0000000
all	1404	1	23346943	0.0000000
all	1410	1	23346943	0.0000000
all	1411	1	23346943	0.0000000
all	1416	1	23346943	0.0000000
all	1418	1	23346943	0.0000000
all	1422	1	23346943	0.0000000
all	1428	1	23346943	0.0000000
all	1441	1	23346943	0.0000000
all	1452	2	23346943	0.0000001
all	1466	1	23346943	0.0000000
all	1474	1	23346943	0.0000000
all	1475	1	23346943	0.0000000
all	1484	1	23346943	0.0000000
all	1485	1	23346943	0.0000000
all	1487	1	23346943	0.0000000
all	1497	1	23346943	0.0000000
all	1498	1	23346943	0.0000000
all	1501	1	23346943	0.0000000
all	1513	1	23346943	0.0000000
all	1515	1	23346943	0.0000000
all	1536	1	23346943	0.0000000
all	1538	1	23346943	0.0000000
all	1539	1	23346943	0.0000000
all	1541	1	23346943	0.0000000
all	1542	1	23346943	0.0000000
all	1547	1	23346943	0.0000000
all	1552	1	23346943	0.0000000
all	1560	2	23346943	0.0000001
all	1562	1	23346943	0.0000000
all	1567	1	23346943	0.0000000
all	1568	1	23346943	0.0000000
all	1569	1	23346943	0.0000000
all	1570	1	23346943	0.0000000
all	1576	1	23346943	0.0000000
all	1580	2	23346943	0.0000001
all	1586	2	23346943	0.0000001
all	1589	1	23346943	0.0000000
all	1592	1	23346943	0.0000000
all	1603	1	23346943	0.0000000
all	1605	1	23346943	0.0000000
all	1607	2	23346943	0.0000001
all	1609	1	23346943	0.0000000
all	1610	1	23346943	0.0000000
all	1611	2	23346943	0.0000001
all	1617	3	23346943	0.0000001
all	1618	1	23346943	0.0000000
all	1620	2	23346943	0.0000001
all	1622	3	23346943	0.0000001
all	1623	3	23346943	0.0000001
all	1628	2	23346943	0.0000001
all	1629	1	23346943	0.0000000
all	1630	2	23346943	0.0000001
all	1631	1	23346943	0.0000000
all	1635	2	23346943	0.0000001
all	1636	1	23346943	0.0000000
all	1637	1	23346943	0.0000000
all	1638	1	23346943	0.0000000
all	1639	2	23346943	0.0000001
all	1641	1	23346943	0.0000000
all	1642	1	23346943	0.0000000
all	1643	1	23346943	0.0000000
all	1644	4	23346943	0.0000002
all	1645	1	23346943	0.0000000
all	1647	2	23346943	0.0000001
all	1649	1	23346943	0.0000000
all	1650	5	23346943	0.0000002
all	1651	4	23346943	0.0000002
all	1652	2	23346943	0.0000001
all	1654	2	23346943	0.0000001
all	1656	1	23346943	0.0000000
all	1662	1	23346943	0.0000000
