all	0	3461191	23346943	0.1482503
all	1	1305080	23346943	0.0558994
all	2	1455340	23346943	0.0623354
all	3	1238925	23346943	0.0530658
all	4	1332789	23346943	0.0570862
all	5	1272281	23346943	0.0544945
all	6	1305249	23346943	0.0559066
all	7	1252665	23346943	0.0536543
all	8	1218292	23346943	0.0521821
all	9	1151289	23346943	0.0493122
all	10	1086448	23346943	0.0465349
all	11	995587	23346943	0.0426431
all	12	907214	23346943	0.0388579
all	13	808590	23346943	0.0346337
all	14	715762	23346943	0.0306576
all	15	621100	23346943	0.0266031
all	16	537253	23346943	0.0230117
all	17	459187	23346943	0.0196680
all	18	388010	23346943	0.0166193
all	19	323996	23346943	0.0138774
all	20	265561	23346943	0.0113746
all	21	219487	23346943	0.0094011
all	22	178969	23346943	0.0076656
all	23	143426	23346943	0.0061432
all	24	115664	23346943	0.0049541
all	25	95020	23346943	0.0040699
all	26	75621	23346943	0.0032390
all	27	61360	23346943	0.0026282
all	28	49815	23346943	0.0021337
all	29	40743	23346943	0.0017451
all	30	32805	23346943	0.0014051
all	31	25838	23346943	0.0011067
all	32	21622	23346943	0.0009261
all	33	17152	23346943	0.0007347
all	34	14855	23346943	0.0006363
all	35	12650	23346943	0.0005418
all	36	10707	23346943	0.0004586
all	37	9427	23346943	0.0004038
all	38	7882	23346943	0.0003376
all	39	6928	23346943	0.0002967
all	40	6113	23346943	0.0002618
all	41	5771	23346943	0.0002472
all	42	5459	23346943	0.0002338
all	43	4996	23346943	0.0002140
all	44	4640	23346943	0.0001987
all	45	4033	23346943	0.0001727
all	46	3577	23346943	0.0001532
all	47	3332	23346943	0.0001427
all	48	3222	23346943	0.0001380
all	49	3207	23346943	0.0001374
all	50	2814	23346943	0.0001205
all	51	2980	23346943	0.0001276
all	52	2803	23346943	0.0001201
all	53	2633	23346943	0.0001128
all	54	2474	23346943	0.0001060
all	55	2431	23346943	0.0001041
all	56	2200	23346943	0.0000942
all	57	1932	23346943	0.0000828
all	58	1726	23346943	0.0000739
all	59	1788	23346943	0.0000766
all	60	1797	23346943	0.0000770
all	61	1671	23346943	0.0000716
all	62	1548	23346943	0.0000663
all	63	1543	23346943	0.0000661
all	64	1484	23346943	0.0000636
all	65	1485	23346943	0.0000636
all	66	1300	23346943	0.0000557
all	67	1224	23346943	0.0000524
all	68	1162	23346943	0.0000498
all	69	1084	23346943	0.0000464
all	70	1049	23346943	0.0000449
all	71	1099	23346943	0.0000471
all	72	880	23346943	0.0000377
all	73	936	23346943	0.0000401
all	74	875	23346943	0.0000375
all	75	778	23346943	0.0000333
all	76	659	23346943	0.0000282
all	77	603	23346943	0.0000258
all	78	641	23346943	0.0000275
all	79	591	23346943	0.0000253
all	80	554	23346943	0.0000237
all	81	495	23346943	0.0000212
all	82	561	23346943	0.0000240
all	83	476	23346943	0.0000204
all	84	521	23346943	0.0000223
all	85	490	23346943	0.0000210
all	86	472	23346943	0.0000202
all	87	420	23346943	0.0000180
all	88	450	23346943	0.0000193
all	89	350	23346943	0.0000150
all	90	366	23346943	0.0000157
all	91	383	23346943	0.0000164
all	92	379	23346943	0.0000162
all	93	383	23346943	0.0000164
all	94	277	23346943	0.0000119
all	95	287	23346943	0.0000123
all	96	244	23346943	0.0000105
all	97	231	23346943	0.0000099
all	98	220	23346943	0.0000094
all	99	228	23346943	0.0000098
all	100	192	23346943	0.0000082
all	101	168	23346943	0.0000072
all	102	152	23346943	0.0000065
all	103	174	23346943	0.0000075
all	104	159	23346943	0.0000068
all	105	152	23346943	0.0000065
all	106	168	23346943	0.0000072
all	107	160	23346943	0.0000069
all	108	170	23346943	0.0000073
all	109	189	23346943	0.0000081
all	110	154	23346943	0.0000066
all	111	124	23346943	0.0000053
all	112	130	23346943	0.0000056
all	113	131	23346943	0.0000056
all	114	128	23346943	0.0000055
all	115	117	23346943	0.0000050
all	116	129	23346943	0.0000055
all	117	131	23346943	0.0000056
all	118	128	23346943	0.0000055
all	119	107	23346943	0.0000046
all	120	104	23346943	0.0000045
all	121	103	23346943	0.0000044
all	122	84	23346943	0.0000036
all	123	64	23346943	0.0000027
all	124	56	23346943	0.0000024
all	125	57	23346943	0.0000024
all	126	50	23346943	0.0000021
all	127	50	23346943	0.0000021
all	128	65	23346943	0.0000028
all	129	46	23346943	0.0000020
all	130	47	23346943	0.0000020
all	131	49	23346943	0.0000021
all	132	39	23346943	0.0000017
all	133	28	23346943	0.0000012
all	134	37	23346943	0.0000016
all	135	36	23346943	0.0000015
all	136	21	23346943	0.0000009
all	137	28	23346943	0.0000012
all	138	26	23346943	0.0000011
all	139	41	23346943	0.0000018
all	140	43	23346943	0.0000018
all	141	46	23346943	0.0000020
all	142	47	23346943	0.0000020
all	143	30	23346943	0.0000013
all	144	31	23346943	0.0000013
all	145	38	23346943	0.0000016
all	146	32	23346943	0.0000014
all	147	18	23346943	0.0000008
all	148	29	23346943	0.0000012
all	149	29	23346943	0.0000012
all	150	47	23346943	0.0000020
all	151	25	23346943	0.0000011
all	152	35	23346943	0.0000015
all	153	27	23346943	0.0000012
all	154	41	23346943	0.0000018
all	155	48	23346943	0.0000021
all	156	31	23346943	0.0000013
all	157	16	23346943	0.0000007
all	158	39	23346943	0.0000017
all	159	37	23346943	0.0000016
all	160	32	23346943	0.0000014
all	161	41	23346943	0.0000018
all	162	34	23346943	0.0000015
all	163	30	23346943	0.0000013
all	164	42	23346943	0.0000018
all	165	27	23346943	0.0000012
all	166	17	23346943	0.0000007
all	167	17	23346943	0.0000007
all	168	22	23346943	0.0000009
all	169	22	23346943	0.0000009
all	170	34	23346943	0.0000015
all	171	23	23346943	0.0000010
all	172	25	23346943	0.0000011
all	173	16	23346943	0.0000007
all	174	17	23346943	0.0000007
all	175	18	23346943	0.0000008
all	176	12	23346943	0.0000005
all	177	26	23346943	0.0000011
all	178	12	23346943	0.0000005
all	179	10	23346943	0.0000004
all	180	15	23346943	0.0000006
all	181	14	23346943	0.0000006
all	182	13	23346943	0.0000006
all	183	15	23346943	0.0000006
all	184	13	23346943	0.0000006
all	185	11	23346943	0.0000005
all	186	11	23346943	0.0000005
all	187	19	23346943	0.0000008
all	188	21	23346943	0.0000009
all	189	18	23346943	0.0000008
all	190	11	23346943	0.0000005
all	191	14	23346943	0.0000006
all	192	6	23346943	0.0000003
all	193	9	23346943	0.0000004
all	194	8	23346943	0.0000003
all	195	10	23346943	0.0000004
all	196	17	23346943	0.0000007
all	197	7	23346943	0.0000003
all	198	8	23346943	0.0000003
all	199	8	23346943	0.0000003
all	200	6	23346943	0.0000003
all	201	7	23346943	0.0000003
all	202	6	23346943	0.0000003
all	203	9	23346943	0.0000004
all	204	7	23346943	0.0000003
all	205	9	23346943	0.0000004
all	206	1	23346943	0.0000000
all	207	5	23346943	0.0000002
all	208	8	23346943	0.0000003
all	209	16	23346943	0.0000007
all	210	9	23346943	0.0000004
all	211	12	23346943	0.0000005
all	212	8	23346943	0.0000003
all	213	7	23346943	0.0000003
all	214	6	23346943	0.0000003
all	215	13	23346943	0.0000006
all	216	9	23346943	0.0000004
all	217	9	23346943	0.0000004
all	218	10	23346943	0.0000004
all	219	14	23346943	0.0000006
all	220	20	23346943	0.0000009
all	221	25	23346943	0.0000011
all	222	18	23346943	0.0000008
all	223	18	23346943	0.0000008
all	224	18	23346943	0.0000008
all	225	13	23346943	0.0000006
all	226	17	23346943	0.0000007
all	227	8	23346943	0.0000003
all	228	12	23346943	0.0000005
all	229	9	23346943	0.0000004
all	230	10	23346943	0.0000004
all	231	4	23346943	0.0000002
all	232	7	23346943	0.0000003
all	233	8	23346943	0.0000003
all	234	5	23346943	0.0000002
all	235	7	23346943	0.0000003
all	236	7	23346943	0.0000003
all	237	4	23346943	0.0000002
all	238	2	23346943	0.0000001
all	239	7	23346943	0.0000003
all	241	3	23346943	0.0000001
all	242	2	23346943	0.0000001
all	243	3	23346943	0.0000001
all	244	2	23346943	0.0000001
all	245	7	23346943	0.0000003
all	246	3	23346943	0.0000001
all	247	2	23346943	0.0000001
all	248	6	23346943	0.0000003
all	249	1	23346943	0.0000000
all	250	1	23346943	0.0000000
all	251	1	23346943	0.0000000
all	252	6	23346943	0.0000003
all	253	3	23346943	0.0000001
all	254	3	23346943	0.0000001
all	255	9	23346943	0.0000004
all	256	5	23346943	0.0000002
all	257	1	23346943	0.0000000
all	259	6	23346943	0.0000003
all	260	2	23346943	0.0000001
all	261	4	23346943	0.0000002
all	262	1	23346943	0.0000000
all	263	3	23346943	0.0000001
all	264	3	23346943	0.0000001
all	265	4	23346943	0.0000002
all	266	4	23346943	0.0000002
all	267	8	23346943	0.0000003
all	268	4	23346943	0.0000002
all	269	2	23346943	0.0000001
all	270	3	23346943	0.0000001
all	271	7	23346943	0.0000003
all	272	7	23346943	0.0000003
all	273	9	23346943	0.0000004
all	274	6	23346943	0.0000003
all	275	9	23346943	0.0000004
all	276	1	23346943	0.0000000
all	277	2	23346943	0.0000001
all	278	8	23346943	0.0000003
all	279	2	23346943	0.0000001
all	280	3	23346943	0.0000001
all	281	2	23346943	0.0000001
all	282	2	23346943	0.0000001
all	283	4	23346943	0.0000002
all	284	1	23346943	0.0000000
all	285	3	23346943	0.0000001
all	288	1	23346943	0.0000000
all	289	2	23346943	0.0000001
all	290	3	23346943	0.0000001
all	292	3	23346943	0.0000001
all	293	1	23346943	0.0000000
all	294	4	23346943	0.0000002
all	295	2	23346943	0.0000001
all	297	2	23346943	0.0000001
all	298	2	23346943	0.0000001
all	299	5	23346943	0.0000002
all	300	2	23346943	0.0000001
all	301	1	23346943	0.0000000
all	302	2	23346943	0.0000001
all	303	4	23346943	0.0000002
all	304	1	23346943	0.0000000
all	306	1	23346943	0.0000000
all	307	2	23346943	0.0000001
all	308	2	23346943	0.0000001
all	309	1	23346943	0.0000000
all	310	2	23346943	0.0000001
all	312	2	23346943	0.0000001
all	313	2	23346943	0.0000001
all	315	2	23346943	0.0000001
all	316	2	23346943	0.0000001
all	317	2	23346943	0.0000001
all	318	3	23346943	0.0000001
all	319	3	23346943	0.0000001
all	320	2	23346943	0.0000001
all	321	1	23346943	0.0000000
all	322	2	23346943	0.0000001
all	323	3	23346943	0.0000001
all	324	2	23346943	0.0000001
all	326	3	23346943	0.0000001
all	327	2	23346943	0.0000001
all	328	2	23346943	0.0000001
all	329	1	23346943	0.0000000
all	330	4	23346943	0.0000002
all	331	1	23346943	0.0000000
all	332	2	23346943	0.0000001
all	333	1	23346943	0.0000000
all	334	2	23346943	0.0000001
all	337	3	23346943	0.0000001
all	338	1	23346943	0.0000000
all	340	2	23346943	0.0000001
all	341	2	23346943	0.0000001
all	342	4	23346943	0.0000002
all	343	3	23346943	0.0000001
all	344	2	23346943	0.0000001
all	345	1	23346943	0.0000000
all	346	2	23346943	0.0000001
all	347	2	23346943	0.0000001
all	348	1	23346943	0.0000000
all	350	2	23346943	0.0000001
all	351	1	23346943	0.0000000
all	352	3	23346943	0.0000001
all	354	5	23346943	0.0000002
all	355	1	23346943	0.0000000
all	356	2	23346943	0.0000001
all	357	1	23346943	0.0000000
all	359	3	23346943	0.0000001
all	360	4	23346943	0.0000002
all	362	1	23346943	0.0000000
all	363	3	23346943	0.0000001
all	364	2	23346943	0.0000001
all	365	1	23346943	0.0000000
all	366	5	23346943	0.0000002
all	368	4	23346943	0.0000002
all	369	2	23346943	0.0000001
all	370	1	23346943	0.0000000
all	371	2	23346943	0.0000001
all	372	2	23346943	0.0000001
all	373	2	23346943	0.0000001
all	374	2	23346943	0.0000001
all	375	3	23346943	0.0000001
all	376	2	23346943	0.0000001
all	377	2	23346943	0.0000001
all	378	2	23346943	0.0000001
all	380	1	23346943	0.0000000
all	381	4	23346943	0.0000002
all	383	3	23346943	0.0000001
all	384	1	23346943	0.0000000
all	385	2	23346943	0.0000001
all	386	1	23346943	0.0000000
all	387	1	23346943	0.0000000
all	388	3	23346943	0.0000001
all	389	2	23346943	0.0000001
all	390	1	23346943	0.0000000
all	391	2	23346943	0.0000001
all	392	3	23346943	0.0000001
all	393	2	23346943	0.0000001
all	394	2	23346943	0.0000001
all	395	3	23346943	0.0000001
all	396	1	23346943	0.0000000
all	397	2	23346943	0.0000001
all	398	3	23346943	0.0000001
all	399	3	23346943	0.0000001
all	400	9	23346943	0.0000004
all	401	4	23346943	0.0000002
all	402	2	23346943	0.0000001
all	404	2	23346943	0.0000001
all	405	5	23346943	0.0000002
all	406	2	23346943	0.0000001
all	407	4	23346943	0.0000002
all	408	2	23346943	0.0000001
all	409	2	23346943	0.0000001
all	410	5	23346943	0.0000002
all	411	2	23346943	0.0000001
all	412	5	23346943	0.0000002
all	413	2	23346943	0.0000001
all	414	2	23346943	0.0000001
all	415	5	23346943	0.0000002
all	416	6	23346943	0.0000003
all	417	2	23346943	0.0000001
all	418	1	23346943	0.0000000
all	419	4	23346943	0.0000002
all	420	2	23346943	0.0000001
all	421	2	23346943	0.0000001
all	422	5	23346943	0.0000002
all	423	6	23346943	0.0000003
all	424	6	23346943	0.0000003
all	425	7	23346943	0.0000003
all	426	6	23346943	0.0000003
all	427	14	23346943	0.0000006
all	428	7	23346943	0.0000003
all	429	12	23346943	0.0000005
all	430	8	23346943	0.0000003
all	431	3	23346943	0.0000001
all	432	2	23346943	0.0000001
all	434	9	23346943	0.0000004
all	435	3	23346943	0.0000001
all	436	2	23346943	0.0000001
all	437	4	23346943	0.0000002
all	438	2	23346943	0.0000001
all	439	1	23346943	0.0000000
all	441	1	23346943	0.0000000
all	444	1	23346943	0.0000000
all	446	1	23346943	0.0000000
all	447	2	23346943	0.0000001
all	449	2	23346943	0.0000001
all	453	2	23346943	0.0000001
all	454	1	23346943	0.0000000
all	455	1	23346943	0.0000000
all	458	1	23346943	0.0000000
all	461	1	23346943	0.0000000
all	463	1	23346943	0.0000000
all	464	1	23346943	0.0000000
all	466	2	23346943	0.0000001
all	468	1	23346943	0.0000000
all	471	1	23346943	0.0000000
all	472	1	23346943	0.0000000
all	473	1	23346943	0.0000000
all	475	2	23346943	0.0000001
all	476	1	23346943	0.0000000
all	477	1	23346943	0.0000000
all	478	1	23346943	0.0000000
all	483	1	23346943	0.0000000
all	486	1	23346943	0.0000000
all	488	1	23346943	0.0000000
all	489	1	23346943	0.0000000
all	490	1	23346943	0.0000000
all	492	1	23346943	0.0000000
all	494	1	23346943	0.0000000
all	497	1	23346943	0.0000000
all	498	1	23346943	0.0000000
all	500	1	23346943	0.0000000
all	503	1	23346943	0.0000000
all	505	1	23346943	0.0000000
all	506	1	23346943	0.0000000
all	508	2	23346943	0.0000001
all	509	1	23346943	0.0000000
all	510	1	23346943	0.0000000
all	511	1	23346943	0.0000000
all	517	1	23346943	0.0000000
all	518	1	23346943	0.0000000
all	521	1	23346943	0.0000000
all	523	2	23346943	0.0000001
all	524	1	23346943	0.0000000
all	525	2	23346943	0.0000001
all	526	2	23346943	0.0000001
all	527	2	23346943	0.0000001
all	528	2	23346943	0.0000001
all	530	1	23346943	0.0000000
all	531	2	23346943	0.0000001
all	533	1	23346943	0.0000000
all	534	1	23346943	0.0000000
all	535	1	23346943	0.0000000
all	537	1	23346943	0.0000000
all	539	3	23346943	0.0000001
all	540	2	23346943	0.0000001
all	542	1	23346943	0.0000000
all	546	3	23346943	0.0000001
all	548	1	23346943	0.0000000
all	549	1	23346943	0.0000000
all	551	1	23346943	0.0000000
all	552	2	23346943	0.0000001
all	553	1	23346943	0.0000000
all	555	2	23346943	0.0000001
all	556	1	23346943	0.0000000
all	558	1	23346943	0.0000000
all	559	3	23346943	0.0000001
all	560	1	23346943	0.0000000
all	561	1	23346943	0.0000000
all	562	1	23346943	0.0000000
all	563	2	23346943	0.0000001
all	564	1	23346943	0.0000000
all	565	4	23346943	0.0000002
all	566	2	23346943	0.0000001
all	569	2	23346943	0.0000001
all	570	3	23346943	0.0000001
all	572	1	23346943	0.0000000
all	575	3	23346943	0.0000001
all	576	1	23346943	0.0000000
all	577	1	23346943	0.0000000
all	578	2	23346943	0.0000001
all	579	2	23346943	0.0000001
all	580	4	23346943	0.0000002
all	582	2	23346943	0.0000001
all	583	2	23346943	0.0000001
all	584	3	23346943	0.0000001
all	585	1	23346943	0.0000000
all	586	2	23346943	0.0000001
all	587	1	23346943	0.0000000
all	588	1	23346943	0.0000000
all	589	1	23346943	0.0000000
all	590	2	23346943	0.0000001
all	592	1	23346943	0.0000000
all	593	2	23346943	0.0000001
all	594	1	23346943	0.0000000
all	595	3	23346943	0.0000001
all	596	3	23346943	0.0000001
all	597	3	23346943	0.0000001
all	598	1	23346943	0.0000000
all	600	4	23346943	0.0000002
all	601	2	23346943	0.0000001
all	603	2	23346943	0.0000001
all	604	3	23346943	0.0000001
all	605	1	23346943	0.0000000
all	606	1	23346943	0.0000000
all	607	1	23346943	0.0000000
all	609	1	23346943	0.0000000
all	610	3	23346943	0.0000001
all	611	3	23346943	0.0000001
all	612	5	23346943	0.0000002
all	613	2	23346943	0.0000001
all	614	5	23346943	0.0000002
all	615	6	23346943	0.0000003
all	616	4	23346943	0.0000002
all	617	11	23346943	0.0000005
all	618	5	23346943	0.0000002
all	619	2	23346943	0.0000001
all	620	1	23346943	0.0000000
all	621	3	23346943	0.0000001
all	622	5	23346943	0.0000002
all	623	1	23346943	0.0000000
all	625	1	23346943	0.0000000
all	627	1	23346943	0.0000000
all	630	1	23346943	0.0000000
all	632	2	23346943	0.0000001
all	633	1	23346943	0.0000000
all	634	1	23346943	0.0000000
all	635	1	23346943	0.0000000
all	636	1	23346943	0.0000000
all	647	2	23346943	0.0000001
all	649	1	23346943	0.0000000
all	650	1	23346943	0.0000000
all	654	1	23346943	0.0000000
all	657	1	23346943	0.0000000
all	661	1	23346943	0.0000000
all	664	1	23346943	0.0000000
all	665	1	23346943	0.0000000
all	669	1	23346943	0.0000000
all	671	1	23346943	0.0000000
all	672	1	23346943	0.0000000
all	678	1	23346943	0.0000000
all	679	2	23346943	0.0000001
all	681	2	23346943	0.0000001
all	684	1	23346943	0.0000000
all	690	1	23346943	0.0000000
all	692	1	23346943	0.0000000
all	694	1	23346943	0.0000000
all	695	1	23346943	0.0000000
all	697	1	23346943	0.0000000
all	700	1	23346943	0.0000000
all	705	1	23346943	0.0000000
all	706	1	23346943	0.0000000
all	708	1	23346943	0.0000000
all	713	2	23346943	0.0000001
all	714	1	23346943	0.0000000
all	717	1	23346943	0.0000000
all	722	1	23346943	0.0000000
all	723	2	23346943	0.0000001
all	731	1	23346943	0.0000000
all	732	1	23346943	0.0000000
all	735	1	23346943	0.0000000
all	736	1	23346943	0.0000000
all	742	1	23346943	0.0000000
all	743	1	23346943	0.0000000
all	747	1	23346943	0.0000000
all	749	1	23346943	0.0000000
all	753	2	23346943	0.0000001
all	757	2	23346943	0.0000001
all	760	1	23346943	0.0000000
all	761	1	23346943	0.0000000
all	764	1	23346943	0.0000000
all	770	1	23346943	0.0000000
all	771	1	23346943	0.0000000
all	773	1	23346943	0.0000000
all	776	1	23346943	0.0000000
all	779	1	23346943	0.0000000
all	780	1	23346943	0.0000000
all	782	1	23346943	0.0000000
all	783	1	23346943	0.0000000
all	785	1	23346943	0.0000000
all	786	1	23346943	0.0000000
all	792	1	23346943	0.0000000
all	795	2	23346943	0.0000001
all	797	2	23346943	0.0000001
all	803	1	23346943	0.0000000
all	808	3	23346943	0.0000001
all	809	2	23346943	0.0000001
all	812	1	23346943	0.0000000
all	815	1	23346943	0.0000000
all	820	2	23346943	0.0000001
all	825	2	23346943	0.0000001
all	826	3	23346943	0.0000001
all	829	3	23346943	0.0000001
all	832	1	23346943	0.0000000
all	834	1	23346943	0.0000000
all	835	1	23346943	0.0000000
all	837	1	23346943	0.0000000
all	838	2	23346943	0.0000001
all	840	1	23346943	0.0000000
all	841	1	23346943	0.0000000
all	845	1	23346943	0.0000000
all	846	1	23346943	0.0000000
all	847	1	23346943	0.0000000
all	850	1	23346943	0.0000000
all	851	1	23346943	0.0000000
all	852	1	23346943	0.0000000
all	854	1	23346943	0.0000000
all	856	1	23346943	0.0000000
all	863	1	23346943	0.0000000
all	864	1	23346943	0.0000000
all	868	2	23346943	0.0000001
all	872	2	23346943	0.0000001
all	875	1	23346943	0.0000000
all	877	1	23346943	0.0000000
all	879	1	23346943	0.0000000
all	880	1	23346943	0.0000000
all	881	2	23346943	0.0000001
all	882	1	23346943	0.0000000
all	883	1	23346943	0.0000000
all	884	2	23346943	0.0000001
all	886	1	23346943	0.0000000
all	888	1	23346943	0.0000000
all	891	1	23346943	0.0000000
all	892	1	23346943	0.0000000
all	894	1	23346943	0.0000000
all	898	2	23346943	0.0000001
all	902	1	23346943	0.0000000
all	904	1	23346943	0.0000000
all	905	1	23346943	0.0000000
all	907	1	23346943	0.0000000
all	910	2	23346943	0.0000001
all	913	1	23346943	0.0000000
all	914	2	23346943	0.0000001
all	920	1	23346943	0.0000000
all	922	1	23346943	0.0000000
all	923	1	23346943	0.0000000
all	924	1	23346943	0.0000000
all	926	1	23346943	0.0000000
all	928	1	23346943	0.0000000
all	929	1	23346943	0.0000000
all	931	1	23346943	0.0000000
all	933	1	23346943	0.0000000
all	934	1	23346943	0.0000000
all	937	1	23346943	0.0000000
all	938	1	23346943	0.0000000
all	939	1	23346943	0.0000000
all	940	1	23346943	0.0000000
all	941	1	23346943	0.0000000
all	942	2	23346943	0.0000001
all	943	2	23346943	0.0000001
all	946	1	23346943	0.0000000
all	948	1	23346943	0.0000000
all	949	1	23346943	0.0000000
all	950	1	23346943	0.0000000
all	951	1	23346943	0.0000000
all	952	1	23346943	0.0000000
all	954	1	23346943	0.0000000
all	960	1	23346943	0.0000000
all	963	1	23346943	0.0000000
all	964	1	23346943	0.0000000
all	965	1	23346943	0.0000000
all	967	2	23346943	0.0000001
all	970	2	23346943	0.0000001
all	972	1	23346943	0.0000000
all	974	1	23346943	0.0000000
all	976	1	23346943	0.0000000
all	978	3	23346943	0.0000001
all	979	2	23346943	0.0000001
all	981	3	23346943	0.0000001
all	982	2	23346943	0.0000001
all	983	4	23346943	0.0000002
all	984	2	23346943	0.0000001
all	986	3	23346943	0.0000001
all	987	3	23346943	0.0000001
all	989	2	23346943	0.0000001
all	990	2	23346943	0.0000001
all	998	1	23346943	0.0000000
all	1002	1	23346943	0.0000000
all	1003	1	23346943	0.0000000
all	1005	1	23346943	0.0000000
all	1007	2	23346943	0.0000001
all	1008	3	23346943	0.0000001
all	1018	2	23346943	0.0000001
all	1021	2	23346943	0.0000001
all	1022	1	23346943	0.0000000
all	1025	1	23346943	0.0000000
all	1026	3	23346943	0.0000001
all	1027	7	23346943	0.0000003
all	1028	4	23346943	0.0000002
all	1029	4	23346943	0.0000002
all	1030	5	23346943	0.0000002
all	1031	6	23346943	0.0000003
all	1032	7	23346943	0.0000003
all	1033	2	23346943	0.0000001
all	1034	4	23346943	0.0000002
all	1035	6	23346943	0.0000003
all	1036	2	23346943	0.0000001
all	1037	2	23346943	0.0000001
all	1038	2	23346943	0.0000001
all	1039	5	23346943	0.0000002
all	1040	1	23346943	0.0000000
