all	0	8420811	20487778	0.4110163
all	1	1433864	20487778	0.0699863
all	2	956576	20487778	0.0466901
all	3	732058	20487778	0.0357314
all	4	613069	20487778	0.0299236
all	5	535164	20487778	0.0261211
all	6	478405	20487778	0.0233508
all	7	434327	20487778	0.0211993
all	8	395474	20487778	0.0193029
all	9	367731	20487778	0.0179488
all	10	334753	20487778	0.0163392
all	11	312829	20487778	0.0152691
all	12	292286	20487778	0.0142664
all	13	272861	20487778	0.0133182
all	14	259497	20487778	0.0126659
all	15	246646	20487778	0.0120387
all	16	234848	20487778	0.0114628
all	17	224808	20487778	0.0109728
all	18	216473	20487778	0.0105660
all	19	203749	20487778	0.0099449
all	20	192464	20487778	0.0093941
all	21	184934	20487778	0.0090266
all	22	177635	20487778	0.0086703
all	23	169770	20487778	0.0082864
all	24	161933	20487778	0.0079039
all	25	154930	20487778	0.0075621
all	26	147588	20487778	0.0072037
all	27	140312	20487778	0.0068486
all	28	135276	20487778	0.0066028
all	29	129338	20487778	0.0063129
all	30	122745	20487778	0.0059911
all	31	115401	20487778	0.0056327
all	32	110543	20487778	0.0053956
all	33	104771	20487778	0.0051138
all	34	99739	20487778	0.0048682
all	35	94274	20487778	0.0046015
all	36	89914	20487778	0.0043887
all	37	84284	20487778	0.0041139
all	38	80349	20487778	0.0039218
all	39	76147	20487778	0.0037167
all	40	72748	20487778	0.0035508
all	41	69287	20487778	0.0033819
all	42	65630	20487778	0.0032034
all	43	62020	20487778	0.0030272
all	44	58704	20487778	0.0028653
all	45	54739	20487778	0.0026718
all	46	49898	20487778	0.0024355
all	47	45765	20487778	0.0022338
all	48	41437	20487778	0.0020225
all	49	39123	20487778	0.0019096
all	50	36200	20487778	0.0017669
all	51	33277	20487778	0.0016242
all	52	31033	20487778	0.0015147
all	53	28669	20487778	0.0013993
all	54	25492	20487778	0.0012443
all	55	23327	20487778	0.0011386
all	56	21220	20487778	0.0010357
all	57	19615	20487778	0.0009574
all	58	18493	20487778	0.0009026
all	59	16850	20487778	0.0008224
all	60	14906	20487778	0.0007276
all	61	14429	20487778	0.0007043
all	62	12682	20487778	0.0006190
all	63	11692	20487778	0.0005707
all	64	10534	20487778	0.0005142
all	65	9119	20487778	0.0004451
all	66	7969	20487778	0.0003890
all	67	6571	20487778	0.0003207
all	68	5914	20487778	0.0002887
all	69	5103	20487778	0.0002491
all	70	4483	20487778	0.0002188
all	71	3998	20487778	0.0001951
all	72	3601	20487778	0.0001758
all	73	3109	20487778	0.0001517
all	74	2712	20487778	0.0001324
all	75	2452	20487778	0.0001197
all	76	2040	20487778	0.0000996
all	77	1896	20487778	0.0000925
all	78	1621	20487778	0.0000791
all	79	1344	20487778	0.0000656
all	80	1148	20487778	0.0000560
all	81	909	20487778	0.0000444
all	82	817	20487778	0.0000399
all	83	795	20487778	0.0000388
all	84	665	20487778	0.0000325
all	85	596	20487778	0.0000291
all	86	458	20487778	0.0000224
all	87	423	20487778	0.0000206
all	88	353	20487778	0.0000172
all	89	255	20487778	0.0000124
all	90	221	20487778	0.0000108
all	91	207	20487778	0.0000101
all	92	186	20487778	0.0000091
all	93	163	20487778	0.0000080
all	94	185	20487778	0.0000090
all	95	176	20487778	0.0000086
all	96	126	20487778	0.0000062
all	97	118	20487778	0.0000058
all	98	91	20487778	0.0000044
all	99	63	20487778	0.0000031
all	100	51	20487778	0.0000025
all	101	32	20487778	0.0000016
all	102	42	20487778	0.0000021
all	103	40	20487778	0.0000020
all	104	35	20487778	0.0000017
all	105	25	20487778	0.0000012
all	106	32	20487778	0.0000016
all	107	27	20487778	0.0000013
all	108	11	20487778	0.0000005
all	109	10	20487778	0.0000005
all	110	19	20487778	0.0000009
all	111	12	20487778	0.0000006
all	112	13	20487778	0.0000006
all	113	13	20487778	0.0000006
all	114	11	20487778	0.0000005
all	115	11	20487778	0.0000005
all	116	12	20487778	0.0000006
all	117	18	20487778	0.0000009
all	118	4	20487778	0.0000002
all	119	8	20487778	0.0000004
all	120	7	20487778	0.0000003
all	121	10	20487778	0.0000005
all	122	11	20487778	0.0000005
all	123	6	20487778	0.0000003
all	124	4	20487778	0.0000002
all	125	9	20487778	0.0000004
all	126	16	20487778	0.0000008
all	127	8	20487778	0.0000004
all	128	7	20487778	0.0000003
all	129	3	20487778	0.0000001
all	130	4	20487778	0.0000002
all	131	6	20487778	0.0000003
all	132	7	20487778	0.0000003
all	133	3	20487778	0.0000001
all	134	2	20487778	0.0000001
all	135	2	20487778	0.0000001
all	136	3	20487778	0.0000001
all	137	3	20487778	0.0000001
all	138	3	20487778	0.0000001
all	139	2	20487778	0.0000001
all	140	3	20487778	0.0000001
all	141	3	20487778	0.0000001
all	142	2	20487778	0.0000001
all	143	2	20487778	0.0000001
all	144	3	20487778	0.0000001
all	145	3	20487778	0.0000001
all	146	6	20487778	0.0000003
all	147	5	20487778	0.0000002
all	148	2	20487778	0.0000001
all	149	1	20487778	0.0000000
all	150	4	20487778	0.0000002
all	151	4	20487778	0.0000002
all	152	3	20487778	0.0000001
all	153	1	20487778	0.0000000
all	154	1	20487778	0.0000000
all	155	6	20487778	0.0000003
all	156	3	20487778	0.0000001
all	157	4	20487778	0.0000002
all	158	3	20487778	0.0000001
all	159	6	20487778	0.0000003
all	160	6	20487778	0.0000003
all	161	2	20487778	0.0000001
all	162	5	20487778	0.0000002
all	163	6	20487778	0.0000003
all	164	5	20487778	0.0000002
all	165	2	20487778	0.0000001
all	166	1	20487778	0.0000000
all	167	3	20487778	0.0000001
all	168	4	20487778	0.0000002
all	169	2	20487778	0.0000001
all	170	5	20487778	0.0000002
all	172	3	20487778	0.0000001
all	173	3	20487778	0.0000001
all	174	5	20487778	0.0000002
all	175	3	20487778	0.0000001
all	176	4	20487778	0.0000002
all	177	1	20487778	0.0000000
all	179	4	20487778	0.0000002
all	180	3	20487778	0.0000001
all	181	2	20487778	0.0000001
all	182	2	20487778	0.0000001
all	183	3	20487778	0.0000001
all	184	2	20487778	0.0000001
all	185	2	20487778	0.0000001
all	186	3	20487778	0.0000001
all	187	1	20487778	0.0000000
all	188	2	20487778	0.0000001
all	189	2	20487778	0.0000001
all	190	1	20487778	0.0000000
all	191	3	20487778	0.0000001
all	192	4	20487778	0.0000002
all	193	1	20487778	0.0000000
all	194	2	20487778	0.0000001
all	195	1	20487778	0.0000000
all	196	4	20487778	0.0000002
all	197	2	20487778	0.0000001
all	198	4	20487778	0.0000002
all	199	4	20487778	0.0000002
all	200	1	20487778	0.0000000
all	201	3	20487778	0.0000001
all	202	9	20487778	0.0000004
all	203	3	20487778	0.0000001
all	204	3	20487778	0.0000001
all	205	3	20487778	0.0000001
all	206	1	20487778	0.0000000
all	207	4	20487778	0.0000002
all	208	1	20487778	0.0000000
all	209	6	20487778	0.0000003
all	210	2	20487778	0.0000001
all	211	4	20487778	0.0000002
all	212	1	20487778	0.0000000
all	213	3	20487778	0.0000001
all	214	2	20487778	0.0000001
all	215	1	20487778	0.0000000
all	216	2	20487778	0.0000001
all	217	2	20487778	0.0000001
all	218	4	20487778	0.0000002
all	219	3	20487778	0.0000001
all	220	2	20487778	0.0000001
all	221	1	20487778	0.0000000
all	222	1	20487778	0.0000000
all	223	2	20487778	0.0000001
all	224	1	20487778	0.0000000
all	225	3	20487778	0.0000001
all	226	2	20487778	0.0000001
all	227	4	20487778	0.0000002
all	229	1	20487778	0.0000000
all	230	3	20487778	0.0000001
all	231	3	20487778	0.0000001
all	232	3	20487778	0.0000001
all	233	5	20487778	0.0000002
all	234	1	20487778	0.0000000
all	235	2	20487778	0.0000001
all	236	3	20487778	0.0000001
all	237	2	20487778	0.0000001
all	238	2	20487778	0.0000001
all	240	5	20487778	0.0000002
all	241	2	20487778	0.0000001
all	242	3	20487778	0.0000001
all	244	3	20487778	0.0000001
all	245	4	20487778	0.0000002
all	246	1	20487778	0.0000000
all	247	2	20487778	0.0000001
all	248	4	20487778	0.0000002
all	250	6	20487778	0.0000003
all	252	3	20487778	0.0000001
all	253	3	20487778	0.0000001
all	254	4	20487778	0.0000002
all	255	5	20487778	0.0000002
all	256	3	20487778	0.0000001
all	257	8	20487778	0.0000004
all	258	3	20487778	0.0000001
all	260	3	20487778	0.0000001
all	261	2	20487778	0.0000001
all	262	4	20487778	0.0000002
all	263	3	20487778	0.0000001
all	264	2	20487778	0.0000001
all	265	2	20487778	0.0000001
all	266	5	20487778	0.0000002
all	267	3	20487778	0.0000001
all	269	3	20487778	0.0000001
all	270	3	20487778	0.0000001
all	271	5	20487778	0.0000002
all	272	3	20487778	0.0000001
all	273	2	20487778	0.0000001
all	274	4	20487778	0.0000002
all	275	5	20487778	0.0000002
all	277	2	20487778	0.0000001
all	278	3	20487778	0.0000001
all	279	2	20487778	0.0000001
all	280	2	20487778	0.0000001
all	281	6	20487778	0.0000003
all	282	1	20487778	0.0000000
all	283	3	20487778	0.0000001
all	285	4	20487778	0.0000002
all	286	4	20487778	0.0000002
all	287	2	20487778	0.0000001
all	288	2	20487778	0.0000001
all	289	5	20487778	0.0000002
all	290	3	20487778	0.0000001
all	291	6	20487778	0.0000003
all	292	2	20487778	0.0000001
all	293	6	20487778	0.0000003
all	294	4	20487778	0.0000002
all	295	5	20487778	0.0000002
all	296	3	20487778	0.0000001
all	297	3	20487778	0.0000001
all	298	1	20487778	0.0000000
all	299	3	20487778	0.0000001
all	301	2	20487778	0.0000001
all	302	3	20487778	0.0000001
all	303	1	20487778	0.0000000
all	304	3	20487778	0.0000001
all	305	5	20487778	0.0000002
all	306	4	20487778	0.0000002
all	307	2	20487778	0.0000001
all	308	5	20487778	0.0000002
all	309	2	20487778	0.0000001
all	310	2	20487778	0.0000001
all	311	5	20487778	0.0000002
all	312	4	20487778	0.0000002
all	313	6	20487778	0.0000003
all	314	8	20487778	0.0000004
all	315	4	20487778	0.0000002
all	316	6	20487778	0.0000003
all	317	4	20487778	0.0000002
all	318	5	20487778	0.0000002
all	319	11	20487778	0.0000005
all	320	5	20487778	0.0000002
all	321	4	20487778	0.0000002
all	322	4	20487778	0.0000002
all	323	8	20487778	0.0000004
all	324	4	20487778	0.0000002
all	325	4	20487778	0.0000002
all	326	4	20487778	0.0000002
all	327	3	20487778	0.0000001
all	328	1	20487778	0.0000000
all	329	6	20487778	0.0000003
all	330	1	20487778	0.0000000
all	331	5	20487778	0.0000002
all	332	3	20487778	0.0000001
all	333	6	20487778	0.0000003
all	334	5	20487778	0.0000002
all	335	1	20487778	0.0000000
all	336	1	20487778	0.0000000
all	337	3	20487778	0.0000001
all	338	3	20487778	0.0000001
all	339	5	20487778	0.0000002
all	340	1	20487778	0.0000000
all	341	1	20487778	0.0000000
all	342	1	20487778	0.0000000
all	343	2	20487778	0.0000001
all	344	3	20487778	0.0000001
all	345	5	20487778	0.0000002
all	347	1	20487778	0.0000000
all	348	3	20487778	0.0000001
all	349	3	20487778	0.0000001
all	350	1	20487778	0.0000000
all	351	3	20487778	0.0000001
all	352	3	20487778	0.0000001
all	353	1	20487778	0.0000000
all	354	3	20487778	0.0000001
all	355	3	20487778	0.0000001
all	356	1	20487778	0.0000000
all	357	3	20487778	0.0000001
all	358	3	20487778	0.0000001
all	359	5	20487778	0.0000002
all	360	3	20487778	0.0000001
all	362	4	20487778	0.0000002
all	363	2	20487778	0.0000001
all	364	2	20487778	0.0000001
all	365	2	20487778	0.0000001
all	366	1	20487778	0.0000000
all	367	1	20487778	0.0000000
all	368	3	20487778	0.0000001
all	369	2	20487778	0.0000001
all	371	2	20487778	0.0000001
all	372	2	20487778	0.0000001
all	374	4	20487778	0.0000002
all	375	3	20487778	0.0000001
all	376	4	20487778	0.0000002
all	377	3	20487778	0.0000001
all	378	2	20487778	0.0000001
all	379	2	20487778	0.0000001
all	380	1	20487778	0.0000000
all	381	1	20487778	0.0000000
all	382	1	20487778	0.0000000
all	383	2	20487778	0.0000001
all	384	2	20487778	0.0000001
all	386	2	20487778	0.0000001
all	387	6	20487778	0.0000003
all	388	4	20487778	0.0000002
all	389	3	20487778	0.0000001
all	390	2	20487778	0.0000001
all	391	3	20487778	0.0000001
all	392	5	20487778	0.0000002
all	393	7	20487778	0.0000003
all	394	2	20487778	0.0000001
all	395	3	20487778	0.0000001
all	396	4	20487778	0.0000002
all	397	8	20487778	0.0000004
all	398	4	20487778	0.0000002
all	399	5	20487778	0.0000002
all	400	2	20487778	0.0000001
all	401	2	20487778	0.0000001
all	402	1	20487778	0.0000000
all	403	2	20487778	0.0000001
all	405	1	20487778	0.0000000
all	409	2	20487778	0.0000001
all	410	1	20487778	0.0000000
all	412	1	20487778	0.0000000
all	413	1	20487778	0.0000000
all	414	1	20487778	0.0000000
all	415	3	20487778	0.0000001
all	417	1	20487778	0.0000000
all	418	1	20487778	0.0000000
all	421	3	20487778	0.0000001
all	422	1	20487778	0.0000000
all	424	1	20487778	0.0000000
all	425	2	20487778	0.0000001
all	426	2	20487778	0.0000001
all	430	2	20487778	0.0000001
all	431	1	20487778	0.0000000
all	433	2	20487778	0.0000001
all	434	2	20487778	0.0000001
all	435	2	20487778	0.0000001
all	438	1	20487778	0.0000000
all	439	1	20487778	0.0000000
all	440	1	20487778	0.0000000
all	441	1	20487778	0.0000000
all	442	3	20487778	0.0000001
all	443	1	20487778	0.0000000
all	444	1	20487778	0.0000000
all	445	1	20487778	0.0000000
all	447	1	20487778	0.0000000
all	449	2	20487778	0.0000001
all	450	1	20487778	0.0000000
all	451	1	20487778	0.0000000
all	452	2	20487778	0.0000001
all	453	1	20487778	0.0000000
all	454	2	20487778	0.0000001
all	458	1	20487778	0.0000000
all	459	1	20487778	0.0000000
all	460	3	20487778	0.0000001
all	461	2	20487778	0.0000001
all	462	2	20487778	0.0000001
all	463	2	20487778	0.0000001
all	465	1	20487778	0.0000000
all	466	1	20487778	0.0000000
all	467	1	20487778	0.0000000
all	469	4	20487778	0.0000002
all	470	2	20487778	0.0000001
all	471	2	20487778	0.0000001
all	473	1	20487778	0.0000000
all	474	1	20487778	0.0000000
all	476	3	20487778	0.0000001
all	477	2	20487778	0.0000001
all	478	4	20487778	0.0000002
all	479	1	20487778	0.0000000
all	481	1	20487778	0.0000000
all	482	3	20487778	0.0000001
all	485	1	20487778	0.0000000
all	487	2	20487778	0.0000001
all	488	1	20487778	0.0000000
all	489	3	20487778	0.0000001
all	490	1	20487778	0.0000000
all	491	1	20487778	0.0000000
all	492	2	20487778	0.0000001
all	493	1	20487778	0.0000000
all	494	1	20487778	0.0000000
all	496	3	20487778	0.0000001
all	498	3	20487778	0.0000001
all	499	4	20487778	0.0000002
all	500	1	20487778	0.0000000
all	501	3	20487778	0.0000001
all	502	1	20487778	0.0000000
all	504	6	20487778	0.0000003
all	505	2	20487778	0.0000001
all	506	2	20487778	0.0000001
all	508	1	20487778	0.0000000
all	509	3	20487778	0.0000001
all	511	1	20487778	0.0000000
all	514	4	20487778	0.0000002
all	515	1	20487778	0.0000000
all	516	2	20487778	0.0000001
all	517	1	20487778	0.0000000
all	518	1	20487778	0.0000000
all	519	1	20487778	0.0000000
all	520	2	20487778	0.0000001
all	521	2	20487778	0.0000001
all	522	2	20487778	0.0000001
all	523	1	20487778	0.0000000
all	524	3	20487778	0.0000001
all	526	1	20487778	0.0000000
all	527	2	20487778	0.0000001
all	532	2	20487778	0.0000001
all	535	1	20487778	0.0000000
all	537	1	20487778	0.0000000
all	539	1	20487778	0.0000000
all	542	1	20487778	0.0000000
all	543	1	20487778	0.0000000
all	545	1	20487778	0.0000000
all	548	1	20487778	0.0000000
all	550	1	20487778	0.0000000
all	551	1	20487778	0.0000000
all	552	1	20487778	0.0000000
all	555	3	20487778	0.0000001
all	556	1	20487778	0.0000000
all	558	1	20487778	0.0000000
all	560	3	20487778	0.0000001
all	565	1	20487778	0.0000000
all	566	2	20487778	0.0000001
all	568	1	20487778	0.0000000
all	570	1	20487778	0.0000000
all	571	1	20487778	0.0000000
all	572	1	20487778	0.0000000
all	574	2	20487778	0.0000001
all	576	1	20487778	0.0000000
all	580	2	20487778	0.0000001
all	584	1	20487778	0.0000000
all	588	1	20487778	0.0000000
all	589	1	20487778	0.0000000
all	591	3	20487778	0.0000001
all	592	2	20487778	0.0000001
all	595	1	20487778	0.0000000
all	596	1	20487778	0.0000000
all	597	3	20487778	0.0000001
all	599	1	20487778	0.0000000
all	600	3	20487778	0.0000001
all	603	1	20487778	0.0000000
all	604	1	20487778	0.0000000
all	606	2	20487778	0.0000001
all	607	1	20487778	0.0000000
all	611	2	20487778	0.0000001
all	612	2	20487778	0.0000001
all	613	2	20487778	0.0000001
all	617	1	20487778	0.0000000
all	619	1	20487778	0.0000000
all	620	1	20487778	0.0000000
all	621	1	20487778	0.0000000
all	622	3	20487778	0.0000001
all	624	1	20487778	0.0000000
all	625	3	20487778	0.0000001
all	626	1	20487778	0.0000000
all	627	1	20487778	0.0000000
all	628	1	20487778	0.0000000
all	629	1	20487778	0.0000000
