all	0	10791316	23346943	0.4622154
all	1	1650322	23346943	0.0706869
all	2	1063269	23346943	0.0455421
all	3	830212	23346943	0.0355598
all	4	695830	23346943	0.0298039
all	5	608827	23346943	0.0260774
all	6	543449	23346943	0.0232771
all	7	487369	23346943	0.0208751
all	8	436231	23346943	0.0186847
all	9	399584	23346943	0.0171150
all	10	368845	23346943	0.0157984
all	11	343430	23346943	0.0147098
all	12	316632	23346943	0.0135620
all	13	296577	23346943	0.0127030
all	14	280704	23346943	0.0120232
all	15	267266	23346943	0.0114476
all	16	251954	23346943	0.0107917
all	17	237629	23346943	0.0101782
all	18	226729	23346943	0.0097113
all	19	214820	23346943	0.0092012
all	20	201555	23346943	0.0086330
all	21	190843	23346943	0.0081742
all	22	180245	23346943	0.0077203
all	23	167924	23346943	0.0071925
all	24	160197	23346943	0.0068616
all	25	150923	23346943	0.0064644
all	26	143564	23346943	0.0061492
all	27	135547	23346943	0.0058058
all	28	130530	23346943	0.0055909
all	29	124581	23346943	0.0053361
all	30	116165	23346943	0.0049756
all	31	109370	23346943	0.0046846
all	32	102743	23346943	0.0044007
all	33	95159	23346943	0.0040759
all	34	90134	23346943	0.0038606
all	35	83344	23346943	0.0035698
all	36	78130	23346943	0.0033465
all	37	73856	23346943	0.0031634
all	38	68978	23346943	0.0029545
all	39	63752	23346943	0.0027306
all	40	59540	23346943	0.0025502
all	41	55005	23346943	0.0023560
all	42	49632	23346943	0.0021258
all	43	45728	23346943	0.0019586
all	44	40849	23346943	0.0017497
all	45	37293	23346943	0.0015973
all	46	32963	23346943	0.0014119
all	47	29640	23346943	0.0012695
all	48	26837	23346943	0.0011495
all	49	24555	23346943	0.0010517
all	50	21476	23346943	0.0009199
all	51	19237	23346943	0.0008240
all	52	17315	23346943	0.0007416
all	53	15223	23346943	0.0006520
all	54	13460	23346943	0.0005765
all	55	11547	23346943	0.0004946
all	56	9589	23346943	0.0004107
all	57	8440	23346943	0.0003615
all	58	7224	23346943	0.0003094
all	59	6491	23346943	0.0002780
all	60	5545	23346943	0.0002375
all	61	5004	23346943	0.0002143
all	62	4154	23346943	0.0001779
all	63	3583	23346943	0.0001535
all	64	3033	23346943	0.0001299
all	65	2429	23346943	0.0001040
all	66	1918	23346943	0.0000822
all	67	1488	23346943	0.0000637
all	68	1230	23346943	0.0000527
all	69	982	23346943	0.0000421
all	70	798	23346943	0.0000342
all	71	689	23346943	0.0000295
all	72	622	23346943	0.0000266
all	73	479	23346943	0.0000205
all	74	449	23346943	0.0000192
all	75	415	23346943	0.0000178
all	76	379	23346943	0.0000162
all	77	305	23346943	0.0000131
all	78	217	23346943	0.0000093
all	79	204	23346943	0.0000087
all	80	160	23346943	0.0000069
all	81	140	23346943	0.0000060
all	82	97	23346943	0.0000042
all	83	47	23346943	0.0000020
all	84	41	23346943	0.0000018
all	85	43	23346943	0.0000018
all	86	33	23346943	0.0000014
all	87	36	23346943	0.0000015
all	88	22	23346943	0.0000009
all	89	24	23346943	0.0000010
all	90	20	23346943	0.0000009
all	91	11	23346943	0.0000005
all	92	20	23346943	0.0000009
all	93	18	23346943	0.0000008
all	94	11	23346943	0.0000005
all	95	14	23346943	0.0000006
all	96	15	23346943	0.0000006
all	97	7	23346943	0.0000003
all	98	13	23346943	0.0000006
all	99	7	23346943	0.0000003
all	100	12	23346943	0.0000005
all	101	7	23346943	0.0000003
all	102	4	23346943	0.0000002
all	103	9	23346943	0.0000004
all	104	3	23346943	0.0000001
all	105	3	23346943	0.0000001
all	106	8	23346943	0.0000003
all	107	4	23346943	0.0000002
all	108	11	23346943	0.0000005
all	109	5	23346943	0.0000002
all	110	18	23346943	0.0000008
all	111	6	23346943	0.0000003
all	112	4	23346943	0.0000002
all	113	9	23346943	0.0000004
all	114	5	23346943	0.0000002
all	115	9	23346943	0.0000004
all	116	4	23346943	0.0000002
all	117	13	23346943	0.0000006
all	118	7	23346943	0.0000003
all	119	3	23346943	0.0000001
all	120	14	23346943	0.0000006
all	121	13	23346943	0.0000006
all	122	6	23346943	0.0000003
all	123	13	23346943	0.0000006
all	124	12	23346943	0.0000005
all	125	12	23346943	0.0000005
all	126	8	23346943	0.0000003
all	127	9	23346943	0.0000004
all	128	10	23346943	0.0000004
all	129	8	23346943	0.0000003
all	130	14	23346943	0.0000006
all	131	11	23346943	0.0000005
all	132	7	23346943	0.0000003
all	133	6	23346943	0.0000003
all	134	5	23346943	0.0000002
all	135	8	23346943	0.0000003
all	136	7	23346943	0.0000003
all	137	4	23346943	0.0000002
all	138	6	23346943	0.0000003
all	139	9	23346943	0.0000004
all	140	5	23346943	0.0000002
all	141	11	23346943	0.0000005
all	142	5	23346943	0.0000002
all	143	8	23346943	0.0000003
all	144	11	23346943	0.0000005
all	145	5	23346943	0.0000002
all	146	13	23346943	0.0000006
all	147	8	23346943	0.0000003
all	148	11	23346943	0.0000005
all	149	10	23346943	0.0000004
all	150	9	23346943	0.0000004
all	151	11	23346943	0.0000005
all	152	10	23346943	0.0000004
all	153	9	23346943	0.0000004
all	154	7	23346943	0.0000003
all	155	5	23346943	0.0000002
all	156	3	23346943	0.0000001
all	157	1	23346943	0.0000000
all	158	7	23346943	0.0000003
all	159	6	23346943	0.0000003
all	160	4	23346943	0.0000002
all	161	2	23346943	0.0000001
all	162	5	23346943	0.0000002
all	163	3	23346943	0.0000001
all	164	6	23346943	0.0000003
all	165	6	23346943	0.0000003
all	166	4	23346943	0.0000002
all	167	5	23346943	0.0000002
all	168	5	23346943	0.0000002
all	169	7	23346943	0.0000003
all	170	7	23346943	0.0000003
all	171	4	23346943	0.0000002
all	172	5	23346943	0.0000002
all	173	5	23346943	0.0000002
all	174	5	23346943	0.0000002
all	175	4	23346943	0.0000002
all	176	2	23346943	0.0000001
all	177	5	23346943	0.0000002
all	178	5	23346943	0.0000002
all	179	3	23346943	0.0000001
all	181	5	23346943	0.0000002
all	182	4	23346943	0.0000002
all	183	3	23346943	0.0000001
all	184	2	23346943	0.0000001
all	186	3	23346943	0.0000001
all	187	1	23346943	0.0000000
all	188	2	23346943	0.0000001
all	189	1	23346943	0.0000000
all	190	2	23346943	0.0000001
all	191	3	23346943	0.0000001
all	192	1	23346943	0.0000000
all	193	4	23346943	0.0000002
all	194	2	23346943	0.0000001
all	196	1	23346943	0.0000000
all	197	4	23346943	0.0000002
all	198	2	23346943	0.0000001
all	199	3	23346943	0.0000001
all	200	1	23346943	0.0000000
all	201	1	23346943	0.0000000
all	202	2	23346943	0.0000001
all	203	3	23346943	0.0000001
all	204	2	23346943	0.0000001
all	205	1	23346943	0.0000000
all	206	4	23346943	0.0000002
all	207	2	23346943	0.0000001
all	208	1	23346943	0.0000000
all	209	2	23346943	0.0000001
all	210	2	23346943	0.0000001
all	211	4	23346943	0.0000002
all	212	1	23346943	0.0000000
all	213	2	23346943	0.0000001
all	214	1	23346943	0.0000000
all	215	3	23346943	0.0000001
all	217	2	23346943	0.0000001
all	218	1	23346943	0.0000000
all	220	2	23346943	0.0000001
all	221	2	23346943	0.0000001
all	222	3	23346943	0.0000001
all	223	2	23346943	0.0000001
all	224	2	23346943	0.0000001
all	225	4	23346943	0.0000002
all	226	6	23346943	0.0000003
all	227	1	23346943	0.0000000
all	228	1	23346943	0.0000000
all	229	3	23346943	0.0000001
all	230	6	23346943	0.0000003
all	231	1	23346943	0.0000000
all	232	4	23346943	0.0000002
all	233	2	23346943	0.0000001
all	236	4	23346943	0.0000002
all	237	5	23346943	0.0000002
all	238	1	23346943	0.0000000
all	239	3	23346943	0.0000001
all	240	2	23346943	0.0000001
all	241	3	23346943	0.0000001
all	242	2	23346943	0.0000001
all	243	4	23346943	0.0000002
all	244	3	23346943	0.0000001
all	245	1	23346943	0.0000000
all	246	5	23346943	0.0000002
all	248	1	23346943	0.0000000
all	249	3	23346943	0.0000001
all	250	2	23346943	0.0000001
all	251	2	23346943	0.0000001
all	252	1	23346943	0.0000000
all	253	1	23346943	0.0000000
all	254	4	23346943	0.0000002
all	255	1	23346943	0.0000000
all	256	2	23346943	0.0000001
all	257	3	23346943	0.0000001
all	258	1	23346943	0.0000000
all	259	8	23346943	0.0000003
all	260	2	23346943	0.0000001
all	262	3	23346943	0.0000001
all	263	6	23346943	0.0000003
all	264	1	23346943	0.0000000
all	265	1	23346943	0.0000000
all	266	3	23346943	0.0000001
all	268	4	23346943	0.0000002
all	269	2	23346943	0.0000001
all	270	5	23346943	0.0000002
all	271	1	23346943	0.0000000
all	272	1	23346943	0.0000000
all	274	3	23346943	0.0000001
all	275	2	23346943	0.0000001
all	276	3	23346943	0.0000001
all	277	1	23346943	0.0000000
all	278	1	23346943	0.0000000
all	279	3	23346943	0.0000001
all	281	1	23346943	0.0000000
all	282	1	23346943	0.0000000
all	283	1	23346943	0.0000000
all	284	3	23346943	0.0000001
all	285	2	23346943	0.0000001
all	286	3	23346943	0.0000001
all	287	1	23346943	0.0000000
all	288	2	23346943	0.0000001
all	289	3	23346943	0.0000001
all	290	1	23346943	0.0000000
all	291	1	23346943	0.0000000
all	292	3	23346943	0.0000001
all	293	1	23346943	0.0000000
all	295	3	23346943	0.0000001
all	296	2	23346943	0.0000001
all	297	3	23346943	0.0000001
all	298	1	23346943	0.0000000
all	299	1	23346943	0.0000000
all	300	3	23346943	0.0000001
all	301	2	23346943	0.0000001
all	303	3	23346943	0.0000001
all	304	2	23346943	0.0000001
all	305	1	23346943	0.0000000
all	306	4	23346943	0.0000002
all	308	2	23346943	0.0000001
all	309	1	23346943	0.0000000
all	310	3	23346943	0.0000001
all	311	2	23346943	0.0000001
all	312	2	23346943	0.0000001
all	313	1	23346943	0.0000000
all	314	2	23346943	0.0000001
all	315	4	23346943	0.0000002
all	316	1	23346943	0.0000000
all	317	2	23346943	0.0000001
all	318	3	23346943	0.0000001
all	319	3	23346943	0.0000001
all	320	3	23346943	0.0000001
all	321	5	23346943	0.0000002
all	322	3	23346943	0.0000001
all	323	2	23346943	0.0000001
all	324	2	23346943	0.0000001
all	325	2	23346943	0.0000001
all	326	5	23346943	0.0000002
all	327	2	23346943	0.0000001
all	328	4	23346943	0.0000002
all	329	1	23346943	0.0000000
all	331	4	23346943	0.0000002
all	332	1	23346943	0.0000000
all	333	6	23346943	0.0000003
all	334	2	23346943	0.0000001
all	335	1	23346943	0.0000000
all	336	3	23346943	0.0000001
all	337	10	23346943	0.0000004
all	338	2	23346943	0.0000001
all	339	2	23346943	0.0000001
all	340	4	23346943	0.0000002
all	341	2	23346943	0.0000001
all	342	4	23346943	0.0000002
all	343	4	23346943	0.0000002
all	344	2	23346943	0.0000001
all	345	5	23346943	0.0000002
all	346	3	23346943	0.0000001
all	347	2	23346943	0.0000001
all	349	10	23346943	0.0000004
all	350	1	23346943	0.0000000
all	351	1	23346943	0.0000000
all	352	6	23346943	0.0000003
all	353	8	23346943	0.0000003
all	354	7	23346943	0.0000003
all	355	6	23346943	0.0000003
all	356	8	23346943	0.0000003
all	357	7	23346943	0.0000003
all	358	9	23346943	0.0000004
all	359	4	23346943	0.0000002
all	360	9	23346943	0.0000004
all	361	5	23346943	0.0000002
all	362	9	23346943	0.0000004
all	363	6	23346943	0.0000003
all	364	9	23346943	0.0000004
all	365	5	23346943	0.0000002
all	366	5	23346943	0.0000002
all	367	4	23346943	0.0000002
all	368	3	23346943	0.0000001
all	369	10	23346943	0.0000004
all	370	4	23346943	0.0000002
all	371	3	23346943	0.0000001
all	372	4	23346943	0.0000002
all	373	3	23346943	0.0000001
all	374	6	23346943	0.0000003
all	375	1	23346943	0.0000000
all	376	6	23346943	0.0000003
all	377	7	23346943	0.0000003
all	378	4	23346943	0.0000002
all	379	1	23346943	0.0000000
all	380	2	23346943	0.0000001
all	381	3	23346943	0.0000001
all	382	4	23346943	0.0000002
all	383	3	23346943	0.0000001
all	386	1	23346943	0.0000000
all	387	1	23346943	0.0000000
all	389	2	23346943	0.0000001
all	390	2	23346943	0.0000001
all	396	1	23346943	0.0000000
all	397	2	23346943	0.0000001
all	398	1	23346943	0.0000000
all	402	2	23346943	0.0000001
all	403	2	23346943	0.0000001
all	406	2	23346943	0.0000001
all	409	4	23346943	0.0000002
all	411	1	23346943	0.0000000
all	412	1	23346943	0.0000000
all	414	2	23346943	0.0000001
all	415	1	23346943	0.0000000
all	416	1	23346943	0.0000000
all	417	2	23346943	0.0000001
all	418	1	23346943	0.0000000
all	419	1	23346943	0.0000000
all	420	1	23346943	0.0000000
all	421	1	23346943	0.0000000
all	422	2	23346943	0.0000001
all	425	2	23346943	0.0000001
all	428	1	23346943	0.0000000
all	429	4	23346943	0.0000002
all	430	1	23346943	0.0000000
all	433	1	23346943	0.0000000
all	434	2	23346943	0.0000001
all	437	1	23346943	0.0000000
all	438	1	23346943	0.0000000
all	439	1	23346943	0.0000000
all	440	5	23346943	0.0000002
all	441	2	23346943	0.0000001
all	442	2	23346943	0.0000001
all	443	3	23346943	0.0000001
all	444	4	23346943	0.0000002
all	445	1	23346943	0.0000000
all	446	5	23346943	0.0000002
all	449	4	23346943	0.0000002
all	450	4	23346943	0.0000002
all	452	3	23346943	0.0000001
all	453	2	23346943	0.0000001
all	454	3	23346943	0.0000001
all	455	2	23346943	0.0000001
all	457	1	23346943	0.0000000
all	458	1	23346943	0.0000000
all	459	1	23346943	0.0000000
all	460	2	23346943	0.0000001
all	461	3	23346943	0.0000001
all	463	3	23346943	0.0000001
all	464	3	23346943	0.0000001
all	465	1	23346943	0.0000000
all	466	1	23346943	0.0000000
all	467	2	23346943	0.0000001
all	468	1	23346943	0.0000000
all	472	3	23346943	0.0000001
all	473	2	23346943	0.0000001
all	474	2	23346943	0.0000001
all	475	2	23346943	0.0000001
all	476	1	23346943	0.0000000
all	477	1	23346943	0.0000000
all	478	2	23346943	0.0000001
all	480	3	23346943	0.0000001
all	481	1	23346943	0.0000000
all	482	4	23346943	0.0000002
all	483	2	23346943	0.0000001
all	484	6	23346943	0.0000003
all	485	2	23346943	0.0000001
all	487	4	23346943	0.0000002
all	489	4	23346943	0.0000002
all	491	1	23346943	0.0000000
all	492	1	23346943	0.0000000
all	493	3	23346943	0.0000001
all	494	1	23346943	0.0000000
all	496	2	23346943	0.0000001
all	497	2	23346943	0.0000001
all	498	5	23346943	0.0000002
all	499	3	23346943	0.0000001
all	500	4	23346943	0.0000002
all	501	2	23346943	0.0000001
all	502	1	23346943	0.0000000
all	503	4	23346943	0.0000002
all	504	1	23346943	0.0000000
all	505	4	23346943	0.0000002
all	506	4	23346943	0.0000002
all	507	5	23346943	0.0000002
all	508	1	23346943	0.0000000
all	509	3	23346943	0.0000001
all	510	2	23346943	0.0000001
all	511	3	23346943	0.0000001
all	512	4	23346943	0.0000002
all	513	3	23346943	0.0000001
all	514	4	23346943	0.0000002
all	515	2	23346943	0.0000001
all	516	1	23346943	0.0000000
all	518	2	23346943	0.0000001
all	519	1	23346943	0.0000000
all	520	1	23346943	0.0000000
all	521	3	23346943	0.0000001
all	525	2	23346943	0.0000001
all	526	4	23346943	0.0000002
all	527	1	23346943	0.0000000
all	529	5	23346943	0.0000002
all	531	1	23346943	0.0000000
all	532	1	23346943	0.0000000
all	533	1	23346943	0.0000000
all	534	1	23346943	0.0000000
all	535	4	23346943	0.0000002
all	536	1	23346943	0.0000000
all	537	2	23346943	0.0000001
all	538	1	23346943	0.0000000
all	539	1	23346943	0.0000000
all	540	4	23346943	0.0000002
all	541	2	23346943	0.0000001
all	543	2	23346943	0.0000001
all	544	1	23346943	0.0000000
all	545	4	23346943	0.0000002
all	546	3	23346943	0.0000001
all	548	4	23346943	0.0000002
all	551	2	23346943	0.0000001
all	552	1	23346943	0.0000000
all	554	1	23346943	0.0000000
all	555	3	23346943	0.0000001
all	558	2	23346943	0.0000001
all	559	2	23346943	0.0000001
all	560	2	23346943	0.0000001
all	561	1	23346943	0.0000000
all	562	1	23346943	0.0000000
all	563	4	23346943	0.0000002
all	564	1	23346943	0.0000000
all	565	1	23346943	0.0000000
all	567	2	23346943	0.0000001
all	568	2	23346943	0.0000001
all	569	3	23346943	0.0000001
all	570	3	23346943	0.0000001
all	573	4	23346943	0.0000002
all	574	1	23346943	0.0000000
all	575	1	23346943	0.0000000
all	577	5	23346943	0.0000002
all	578	1	23346943	0.0000000
all	579	1	23346943	0.0000000
all	581	1	23346943	0.0000000
all	582	1	23346943	0.0000000
all	583	1	23346943	0.0000000
all	584	1	23346943	0.0000000
all	586	6	23346943	0.0000003
all	587	1	23346943	0.0000000
all	589	1	23346943	0.0000000
all	590	2	23346943	0.0000001
all	591	3	23346943	0.0000001
all	592	4	23346943	0.0000002
all	593	3	23346943	0.0000001
all	594	1	23346943	0.0000000
all	595	4	23346943	0.0000002
all	596	2	23346943	0.0000001
all	597	2	23346943	0.0000001
all	598	8	23346943	0.0000003
all	600	2	23346943	0.0000001
all	601	1	23346943	0.0000000
all	602	1	23346943	0.0000000
all	603	2	23346943	0.0000001
all	604	1	23346943	0.0000000
all	606	1	23346943	0.0000000
all	607	6	23346943	0.0000003
all	610	1	23346943	0.0000000
all	611	1	23346943	0.0000000
all	612	1	23346943	0.0000000
all	613	1	23346943	0.0000000
all	614	2	23346943	0.0000001
all	615	2	23346943	0.0000001
all	616	1	23346943	0.0000000
all	617	1	23346943	0.0000000
all	618	1	23346943	0.0000000
all	619	3	23346943	0.0000001
all	620	2	23346943	0.0000001
all	624	1	23346943	0.0000000
all	625	1	23346943	0.0000000
all	626	1	23346943	0.0000000
all	629	1	23346943	0.0000000
all	630	4	23346943	0.0000002
all	636	1	23346943	0.0000000
all	637	1	23346943	0.0000000
all	638	1	23346943	0.0000000
all	646	1	23346943	0.0000000
all	647	1	23346943	0.0000000
all	658	1	23346943	0.0000000
all	659	1	23346943	0.0000000
all	661	1	23346943	0.0000000
all	663	1	23346943	0.0000000
all	665	1	23346943	0.0000000
all	670	1	23346943	0.0000000
all	671	1	23346943	0.0000000
all	675	1	23346943	0.0000000
all	680	1	23346943	0.0000000
all	687	1	23346943	0.0000000
all	689	1	23346943	0.0000000
all	696	1	23346943	0.0000000
all	698	1	23346943	0.0000000
all	703	1	23346943	0.0000000
all	711	2	23346943	0.0000001
all	716	1	23346943	0.0000000
all	719	1	23346943	0.0000000
all	722	1	23346943	0.0000000
all	723	1	23346943	0.0000000
all	728	1	23346943	0.0000000
all	734	1	23346943	0.0000000
all	736	1	23346943	0.0000000
all	737	1	23346943	0.0000000
all	740	2	23346943	0.0000001
all	743	1	23346943	0.0000000
all	744	1	23346943	0.0000000
all	745	1	23346943	0.0000000
all	746	1	23346943	0.0000000
all	747	1	23346943	0.0000000
all	752	1	23346943	0.0000000
all	754	1	23346943	0.0000000
all	760	1	23346943	0.0000000
all	761	1	23346943	0.0000000
all	770	1	23346943	0.0000000
all	772	1	23346943	0.0000000
all	774	2	23346943	0.0000001
all	778	1	23346943	0.0000000
all	782	1	23346943	0.0000000
all	790	1	23346943	0.0000000
all	794	1	23346943	0.0000000
all	803	1	23346943	0.0000000
all	806	1	23346943	0.0000000
all	807	1	23346943	0.0000000
all	809	1	23346943	0.0000000
all	812	1	23346943	0.0000000
all	818	1	23346943	0.0000000
all	820	1	23346943	0.0000000
all	821	1	23346943	0.0000000
all	828	1	23346943	0.0000000
all	829	1	23346943	0.0000000
all	837	2	23346943	0.0000001
all	839	1	23346943	0.0000000
all	842	1	23346943	0.0000000
all	843	1	23346943	0.0000000
all	846	1	23346943	0.0000000
all	847	1	23346943	0.0000000
all	850	1	23346943	0.0000000
all	852	1	23346943	0.0000000
all	853	2	23346943	0.0000001
all	861	1	23346943	0.0000000
all	865	1	23346943	0.0000000
all	870	2	23346943	0.0000001
all	878	1	23346943	0.0000000
all	880	1	23346943	0.0000000
all	881	1	23346943	0.0000000
all	885	2	23346943	0.0000001
all	888	1	23346943	0.0000000
all	890	1	23346943	0.0000000
all	893	1	23346943	0.0000000
all	894	1	23346943	0.0000000
all	896	1	23346943	0.0000000
all	899	2	23346943	0.0000001
all	902	1	23346943	0.0000000
all	905	1	23346943	0.0000000
all	906	1	23346943	0.0000000
all	907	1	23346943	0.0000000
all	908	1	23346943	0.0000000
all	912	1	23346943	0.0000000
all	916	2	23346943	0.0000001
all	917	1	23346943	0.0000000
all	920	1	23346943	0.0000000
all	924	1	23346943	0.0000000
all	928	1	23346943	0.0000000
all	929	1	23346943	0.0000000
all	931	1	23346943	0.0000000
all	934	1	23346943	0.0000000
all	936	1	23346943	0.0000000
all	937	1	23346943	0.0000000
all	939	1	23346943	0.0000000
all	942	1	23346943	0.0000000
all	945	1	23346943	0.0000000
all	950	1	23346943	0.0000000
all	951	1	23346943	0.0000000
all	955	1	23346943	0.0000000
all	960	3	23346943	0.0000001
all	964	1	23346943	0.0000000
all	967	1	23346943	0.0000000
all	969	1	23346943	0.0000000
all	972	1	23346943	0.0000000
all	973	1	23346943	0.0000000
all	974	1	23346943	0.0000000
all	979	3	23346943	0.0000001
all	980	1	23346943	0.0000000
all	982	1	23346943	0.0000000
all	983	1	23346943	0.0000000
all	984	1	23346943	0.0000000
all	985	2	23346943	0.0000001
all	988	3	23346943	0.0000001
all	996	1	23346943	0.0000000
all	997	1	23346943	0.0000000
all	998	1	23346943	0.0000000
all	1001	1	23346943	0.0000000
all	1002	1	23346943	0.0000000
all	1003	1	23346943	0.0000000
all	1004	1	23346943	0.0000000
all	1008	2	23346943	0.0000001
