all	0	10074574	23346943	0.4315158
all	1	1539980	23346943	0.0659607
all	2	1005358	23346943	0.0430617
all	3	766211	23346943	0.0328185
all	4	635238	23346943	0.0272086
all	5	536000	23346943	0.0229580
all	6	477894	23346943	0.0204692
all	7	421789	23346943	0.0180661
all	8	385028	23346943	0.0164916
all	9	351518	23346943	0.0150563
all	10	324553	23346943	0.0139013
all	11	300586	23346943	0.0128747
all	12	283630	23346943	0.0121485
all	13	268230	23346943	0.0114889
all	14	253624	23346943	0.0108633
all	15	240520	23346943	0.0103020
all	16	226256	23346943	0.0096910
all	17	215329	23346943	0.0092230
all	18	207296	23346943	0.0088789
all	19	196965	23346943	0.0084364
all	20	189543	23346943	0.0081185
all	21	182861	23346943	0.0078323
all	22	175621	23346943	0.0075222
all	23	165178	23346943	0.0070749
all	24	160730	23346943	0.0068844
all	25	156505	23346943	0.0067034
all	26	152667	23346943	0.0065391
all	27	145149	23346943	0.0062170
all	28	142892	23346943	0.0061204
all	29	136471	23346943	0.0058453
all	30	131568	23346943	0.0056353
all	31	125918	23346943	0.0053933
all	32	121389	23346943	0.0051994
all	33	116682	23346943	0.0049977
all	34	113315	23346943	0.0048535
all	35	110472	23346943	0.0047318
all	36	106060	23346943	0.0045428
all	37	102843	23346943	0.0044050
all	38	99526	23346943	0.0042629
all	39	96661	23346943	0.0041402
all	40	93665	23346943	0.0040119
all	41	91331	23346943	0.0039119
all	42	86476	23346943	0.0037040
all	43	83175	23346943	0.0035626
all	44	80143	23346943	0.0034327
all	45	77993	23346943	0.0033406
all	46	74348	23346943	0.0031845
all	47	71711	23346943	0.0030715
all	48	69194	23346943	0.0029637
all	49	65943	23346943	0.0028245
all	50	63323	23346943	0.0027123
all	51	61548	23346943	0.0026362
all	52	59754	23346943	0.0025594
all	53	57450	23346943	0.0024607
all	54	54582	23346943	0.0023379
all	55	51944	23346943	0.0022249
all	56	49026	23346943	0.0020999
all	57	46662	23346943	0.0019986
all	58	44253	23346943	0.0018955
all	59	42268	23346943	0.0018104
all	60	40159	23346943	0.0017201
all	61	37304	23346943	0.0015978
all	62	35508	23346943	0.0015209
all	63	33858	23346943	0.0014502
all	64	32268	23346943	0.0013821
all	65	30677	23346943	0.0013140
all	66	28940	23346943	0.0012396
all	67	26413	23346943	0.0011313
all	68	24971	23346943	0.0010696
all	69	23615	23346943	0.0010115
all	70	22264	23346943	0.0009536
all	71	20784	23346943	0.0008902
all	72	18792	23346943	0.0008049
all	73	17734	23346943	0.0007596
all	74	16400	23346943	0.0007024
all	75	15300	23346943	0.0006553
all	76	14197	23346943	0.0006081
all	77	13398	23346943	0.0005739
all	78	12395	23346943	0.0005309
all	79	11056	23346943	0.0004736
all	80	10213	23346943	0.0004374
all	81	9306	23346943	0.0003986
all	82	8523	23346943	0.0003651
all	83	7745	23346943	0.0003317
all	84	6945	23346943	0.0002975
all	85	6448	23346943	0.0002762
all	86	5711	23346943	0.0002446
all	87	5094	23346943	0.0002182
all	88	4800	23346943	0.0002056
all	89	4290	23346943	0.0001837
all	90	3841	23346943	0.0001645
all	91	3469	23346943	0.0001486
all	92	3231	23346943	0.0001384
all	93	2846	23346943	0.0001219
all	94	2460	23346943	0.0001054
all	95	2215	23346943	0.0000949
all	96	1849	23346943	0.0000792
all	97	1595	23346943	0.0000683
all	98	1418	23346943	0.0000607
all	99	1175	23346943	0.0000503
all	100	948	23346943	0.0000406
all	101	844	23346943	0.0000362
all	102	813	23346943	0.0000348
all	103	710	23346943	0.0000304
all	104	594	23346943	0.0000254
all	105	626	23346943	0.0000268
all	106	607	23346943	0.0000260
all	107	538	23346943	0.0000230
all	108	431	23346943	0.0000185
all	109	414	23346943	0.0000177
all	110	352	23346943	0.0000151
all	111	310	23346943	0.0000133
all	112	263	23346943	0.0000113
all	113	224	23346943	0.0000096
all	114	193	23346943	0.0000083
all	115	171	23346943	0.0000073
all	116	165	23346943	0.0000071
all	117	128	23346943	0.0000055
all	118	125	23346943	0.0000054
all	119	100	23346943	0.0000043
all	120	66	23346943	0.0000028
all	121	48	23346943	0.0000021
all	122	47	23346943	0.0000020
all	123	32	23346943	0.0000014
all	124	29	23346943	0.0000012
all	125	26	23346943	0.0000011
all	126	26	23346943	0.0000011
all	127	28	23346943	0.0000012
all	128	23	23346943	0.0000010
all	129	9	23346943	0.0000004
all	130	16	23346943	0.0000007
all	131	33	23346943	0.0000014
all	132	35	23346943	0.0000015
all	133	27	23346943	0.0000012
all	134	16	23346943	0.0000007
all	135	13	23346943	0.0000006
all	136	9	23346943	0.0000004
all	137	8	23346943	0.0000003
all	138	8	23346943	0.0000003
all	139	8	23346943	0.0000003
all	140	6	23346943	0.0000003
all	141	7	23346943	0.0000003
all	142	7	23346943	0.0000003
all	143	7	23346943	0.0000003
all	144	7	23346943	0.0000003
all	145	4	23346943	0.0000002
all	146	6	23346943	0.0000003
all	147	5	23346943	0.0000002
all	148	13	23346943	0.0000006
all	149	10	23346943	0.0000004
all	150	10	23346943	0.0000004
all	151	11	23346943	0.0000005
all	152	10	23346943	0.0000004
all	153	5	23346943	0.0000002
all	154	11	23346943	0.0000005
all	155	11	23346943	0.0000005
all	156	10	23346943	0.0000004
all	157	8	23346943	0.0000003
all	158	6	23346943	0.0000003
all	159	6	23346943	0.0000003
all	160	3	23346943	0.0000001
all	161	9	23346943	0.0000004
all	162	7	23346943	0.0000003
all	163	7	23346943	0.0000003
all	164	1	23346943	0.0000000
all	165	2	23346943	0.0000001
all	166	3	23346943	0.0000001
all	167	4	23346943	0.0000002
all	168	3	23346943	0.0000001
all	169	2	23346943	0.0000001
all	170	7	23346943	0.0000003
all	171	4	23346943	0.0000002
all	172	4	23346943	0.0000002
all	173	2	23346943	0.0000001
all	174	11	23346943	0.0000005
all	175	6	23346943	0.0000003
all	176	6	23346943	0.0000003
all	177	6	23346943	0.0000003
all	178	5	23346943	0.0000002
all	179	5	23346943	0.0000002
all	180	5	23346943	0.0000002
all	181	8	23346943	0.0000003
all	182	6	23346943	0.0000003
all	183	5	23346943	0.0000002
all	184	3	23346943	0.0000001
all	185	1	23346943	0.0000000
all	186	3	23346943	0.0000001
all	187	3	23346943	0.0000001
all	188	1	23346943	0.0000000
all	189	2	23346943	0.0000001
all	190	3	23346943	0.0000001
all	191	3	23346943	0.0000001
all	192	4	23346943	0.0000002
all	194	2	23346943	0.0000001
all	195	1	23346943	0.0000000
all	196	1	23346943	0.0000000
all	197	2	23346943	0.0000001
all	198	1	23346943	0.0000000
all	199	2	23346943	0.0000001
all	200	2	23346943	0.0000001
all	201	1	23346943	0.0000000
all	202	1	23346943	0.0000000
all	203	3	23346943	0.0000001
all	204	2	23346943	0.0000001
all	205	1	23346943	0.0000000
all	206	4	23346943	0.0000002
all	208	2	23346943	0.0000001
all	209	1	23346943	0.0000000
all	210	1	23346943	0.0000000
all	211	1	23346943	0.0000000
all	212	2	23346943	0.0000001
all	213	1	23346943	0.0000000
all	214	2	23346943	0.0000001
all	215	3	23346943	0.0000001
all	217	3	23346943	0.0000001
all	218	1	23346943	0.0000000
all	219	2	23346943	0.0000001
all	220	2	23346943	0.0000001
all	221	1	23346943	0.0000000
all	222	2	23346943	0.0000001
all	223	3	23346943	0.0000001
all	224	2	23346943	0.0000001
all	225	2	23346943	0.0000001
all	226	2	23346943	0.0000001
all	227	2	23346943	0.0000001
all	228	4	23346943	0.0000002
all	230	2	23346943	0.0000001
all	231	2	23346943	0.0000001
all	232	2	23346943	0.0000001
all	233	7	23346943	0.0000003
all	234	1	23346943	0.0000000
all	235	5	23346943	0.0000002
all	236	2	23346943	0.0000001
all	237	1	23346943	0.0000000
all	238	2	23346943	0.0000001
all	239	4	23346943	0.0000002
all	240	2	23346943	0.0000001
all	241	1	23346943	0.0000000
all	242	4	23346943	0.0000002
all	243	3	23346943	0.0000001
all	244	3	23346943	0.0000001
all	245	3	23346943	0.0000001
all	247	2	23346943	0.0000001
all	248	3	23346943	0.0000001
all	249	3	23346943	0.0000001
all	251	3	23346943	0.0000001
all	252	1	23346943	0.0000000
all	253	4	23346943	0.0000002
all	254	2	23346943	0.0000001
all	255	3	23346943	0.0000001
all	256	2	23346943	0.0000001
all	257	3	23346943	0.0000001
all	258	3	23346943	0.0000001
all	259	1	23346943	0.0000000
all	260	1	23346943	0.0000000
all	261	2	23346943	0.0000001
all	262	1	23346943	0.0000000
all	263	3	23346943	0.0000001
all	264	3	23346943	0.0000001
all	265	4	23346943	0.0000002
all	266	5	23346943	0.0000002
all	267	5	23346943	0.0000002
all	268	3	23346943	0.0000001
all	269	2	23346943	0.0000001
all	270	3	23346943	0.0000001
all	271	3	23346943	0.0000001
all	272	3	23346943	0.0000001
all	273	3	23346943	0.0000001
all	274	3	23346943	0.0000001
all	275	4	23346943	0.0000002
all	276	4	23346943	0.0000002
all	277	1	23346943	0.0000000
all	279	4	23346943	0.0000002
all	280	1	23346943	0.0000000
all	281	2	23346943	0.0000001
all	282	2	23346943	0.0000001
all	283	2	23346943	0.0000001
all	284	1	23346943	0.0000000
all	285	4	23346943	0.0000002
all	286	5	23346943	0.0000002
all	287	2	23346943	0.0000001
all	288	4	23346943	0.0000002
all	289	1	23346943	0.0000000
all	290	3	23346943	0.0000001
all	291	2	23346943	0.0000001
all	293	2	23346943	0.0000001
all	294	1	23346943	0.0000000
all	295	4	23346943	0.0000002
all	296	2	23346943	0.0000001
all	297	4	23346943	0.0000002
all	298	4	23346943	0.0000002
all	300	2	23346943	0.0000001
all	301	4	23346943	0.0000002
all	302	9	23346943	0.0000004
all	303	8	23346943	0.0000003
all	304	10	23346943	0.0000004
all	305	7	23346943	0.0000003
all	306	6	23346943	0.0000003
all	307	3	23346943	0.0000001
all	308	1	23346943	0.0000000
all	309	7	23346943	0.0000003
all	310	3	23346943	0.0000001
all	311	10	23346943	0.0000004
all	312	5	23346943	0.0000002
all	313	1	23346943	0.0000000
all	314	2	23346943	0.0000001
all	315	3	23346943	0.0000001
all	316	6	23346943	0.0000003
all	317	9	23346943	0.0000004
all	318	5	23346943	0.0000002
all	319	9	23346943	0.0000004
all	320	2	23346943	0.0000001
all	321	2	23346943	0.0000001
all	322	4	23346943	0.0000002
all	323	8	23346943	0.0000003
all	324	2	23346943	0.0000001
all	325	4	23346943	0.0000002
all	326	3	23346943	0.0000001
all	327	3	23346943	0.0000001
all	328	9	23346943	0.0000004
all	329	5	23346943	0.0000002
all	330	3	23346943	0.0000001
all	331	6	23346943	0.0000003
all	332	2	23346943	0.0000001
all	333	8	23346943	0.0000003
all	334	4	23346943	0.0000002
all	335	9	23346943	0.0000004
all	336	7	23346943	0.0000003
all	337	8	23346943	0.0000003
all	338	8	23346943	0.0000003
all	339	5	23346943	0.0000002
all	340	3	23346943	0.0000001
all	341	4	23346943	0.0000002
all	342	7	23346943	0.0000003
all	343	9	23346943	0.0000004
all	344	7	23346943	0.0000003
all	345	4	23346943	0.0000002
all	346	5	23346943	0.0000002
all	347	4	23346943	0.0000002
all	348	4	23346943	0.0000002
all	349	6	23346943	0.0000003
all	350	5	23346943	0.0000002
all	351	4	23346943	0.0000002
all	352	6	23346943	0.0000003
all	353	2	23346943	0.0000001
all	354	4	23346943	0.0000002
all	355	6	23346943	0.0000003
all	356	2	23346943	0.0000001
all	357	3	23346943	0.0000001
all	358	3	23346943	0.0000001
all	359	1	23346943	0.0000000
all	360	1	23346943	0.0000000
all	361	2	23346943	0.0000001
all	362	5	23346943	0.0000002
all	363	5	23346943	0.0000002
all	364	2	23346943	0.0000001
all	366	3	23346943	0.0000001
all	368	1	23346943	0.0000000
all	369	1	23346943	0.0000000
all	370	4	23346943	0.0000002
all	371	3	23346943	0.0000001
all	372	3	23346943	0.0000001
all	374	2	23346943	0.0000001
all	375	3	23346943	0.0000001
all	376	1	23346943	0.0000000
all	377	2	23346943	0.0000001
all	378	2	23346943	0.0000001
all	379	1	23346943	0.0000000
all	380	2	23346943	0.0000001
all	381	2	23346943	0.0000001
all	382	3	23346943	0.0000001
all	383	1	23346943	0.0000000
all	384	2	23346943	0.0000001
all	385	3	23346943	0.0000001
all	387	4	23346943	0.0000002
all	389	3	23346943	0.0000001
all	390	1	23346943	0.0000000
all	391	1	23346943	0.0000000
all	392	3	23346943	0.0000001
all	393	2	23346943	0.0000001
all	394	2	23346943	0.0000001
all	395	1	23346943	0.0000000
all	396	3	23346943	0.0000001
all	397	5	23346943	0.0000002
all	398	6	23346943	0.0000003
all	399	2	23346943	0.0000001
all	400	3	23346943	0.0000001
all	401	1	23346943	0.0000000
all	402	1	23346943	0.0000000
all	403	8	23346943	0.0000003
all	404	2	23346943	0.0000001
all	405	1	23346943	0.0000000
all	406	5	23346943	0.0000002
all	407	6	23346943	0.0000003
all	408	2	23346943	0.0000001
all	409	6	23346943	0.0000003
all	410	6	23346943	0.0000003
all	411	5	23346943	0.0000002
all	412	5	23346943	0.0000002
all	413	6	23346943	0.0000003
all	414	6	23346943	0.0000003
all	415	3	23346943	0.0000001
all	416	1	23346943	0.0000000
all	417	3	23346943	0.0000001
all	420	2	23346943	0.0000001
all	421	1	23346943	0.0000000
all	425	1	23346943	0.0000000
all	427	1	23346943	0.0000000
all	428	2	23346943	0.0000001
all	429	1	23346943	0.0000000
all	432	2	23346943	0.0000001
all	433	3	23346943	0.0000001
all	434	3	23346943	0.0000001
all	435	2	23346943	0.0000001
all	436	3	23346943	0.0000001
all	437	2	23346943	0.0000001
all	438	2	23346943	0.0000001
all	439	4	23346943	0.0000002
all	441	2	23346943	0.0000001
all	443	2	23346943	0.0000001
all	444	1	23346943	0.0000000
all	445	1	23346943	0.0000000
all	446	1	23346943	0.0000000
all	447	1	23346943	0.0000000
all	448	3	23346943	0.0000001
all	451	3	23346943	0.0000001
all	452	1	23346943	0.0000000
all	453	1	23346943	0.0000000
all	456	1	23346943	0.0000000
all	458	2	23346943	0.0000001
all	460	1	23346943	0.0000000
all	461	3	23346943	0.0000001
all	462	1	23346943	0.0000000
all	463	3	23346943	0.0000001
all	464	1	23346943	0.0000000
all	465	1	23346943	0.0000000
all	466	3	23346943	0.0000001
all	468	2	23346943	0.0000001
all	469	3	23346943	0.0000001
all	470	1	23346943	0.0000000
all	473	1	23346943	0.0000000
all	475	3	23346943	0.0000001
all	476	1	23346943	0.0000000
all	477	2	23346943	0.0000001
all	478	4	23346943	0.0000002
all	479	3	23346943	0.0000001
all	480	1	23346943	0.0000000
all	483	3	23346943	0.0000001
all	485	2	23346943	0.0000001
all	486	2	23346943	0.0000001
all	488	1	23346943	0.0000000
all	490	2	23346943	0.0000001
all	491	3	23346943	0.0000001
all	492	3	23346943	0.0000001
all	494	3	23346943	0.0000001
all	497	1	23346943	0.0000000
all	499	3	23346943	0.0000001
all	501	2	23346943	0.0000001
all	502	1	23346943	0.0000000
all	503	2	23346943	0.0000001
all	504	1	23346943	0.0000000
all	505	1	23346943	0.0000000
all	507	2	23346943	0.0000001
all	509	2	23346943	0.0000001
all	510	2	23346943	0.0000001
all	511	1	23346943	0.0000000
all	512	3	23346943	0.0000001
all	513	1	23346943	0.0000000
all	514	3	23346943	0.0000001
all	515	2	23346943	0.0000001
all	516	1	23346943	0.0000000
all	517	1	23346943	0.0000000
all	518	2	23346943	0.0000001
all	520	2	23346943	0.0000001
all	521	1	23346943	0.0000000
all	522	2	23346943	0.0000001
all	523	1	23346943	0.0000000
all	524	3	23346943	0.0000001
all	525	1	23346943	0.0000000
all	526	1	23346943	0.0000000
all	527	1	23346943	0.0000000
all	528	1	23346943	0.0000000
all	529	1	23346943	0.0000000
all	530	2	23346943	0.0000001
all	532	4	23346943	0.0000002
all	533	1	23346943	0.0000000
all	534	2	23346943	0.0000001
all	536	2	23346943	0.0000001
all	537	2	23346943	0.0000001
all	539	1	23346943	0.0000000
all	540	2	23346943	0.0000001
all	541	2	23346943	0.0000001
all	542	4	23346943	0.0000002
all	544	1	23346943	0.0000000
all	546	1	23346943	0.0000000
all	549	5	23346943	0.0000002
all	550	4	23346943	0.0000002
all	551	1	23346943	0.0000000
all	553	3	23346943	0.0000001
all	556	2	23346943	0.0000001
all	557	2	23346943	0.0000001
all	559	1	23346943	0.0000000
all	561	1	23346943	0.0000000
all	562	2	23346943	0.0000001
all	565	1	23346943	0.0000000
all	567	1	23346943	0.0000000
all	568	2	23346943	0.0000001
all	569	3	23346943	0.0000001
all	570	1	23346943	0.0000000
all	571	1	23346943	0.0000000
all	572	3	23346943	0.0000001
all	573	1	23346943	0.0000000
all	574	1	23346943	0.0000000
all	575	3	23346943	0.0000001
all	576	1	23346943	0.0000000
all	579	4	23346943	0.0000002
all	580	1	23346943	0.0000000
all	582	2	23346943	0.0000001
all	583	1	23346943	0.0000000
all	584	1	23346943	0.0000000
all	585	1	23346943	0.0000000
all	586	2	23346943	0.0000001
all	588	1	23346943	0.0000000
all	589	4	23346943	0.0000002
all	590	2	23346943	0.0000001
all	593	3	23346943	0.0000001
all	594	1	23346943	0.0000000
all	595	1	23346943	0.0000000
all	596	1	23346943	0.0000000
all	597	3	23346943	0.0000001
all	598	1	23346943	0.0000000
all	600	1	23346943	0.0000000
all	602	3	23346943	0.0000001
all	603	3	23346943	0.0000001
all	604	3	23346943	0.0000001
all	606	1	23346943	0.0000000
all	607	1	23346943	0.0000000
all	609	1	23346943	0.0000000
all	610	1	23346943	0.0000000
all	611	1	23346943	0.0000000
