all	0	8744757	20487778	0.4268280
all	1	1479099	20487778	0.0721942
all	2	1000123	20487778	0.0488156
all	3	768937	20487778	0.0375315
all	4	647461	20487778	0.0316023
all	5	549093	20487778	0.0268010
all	6	491971	20487778	0.0240129
all	7	436507	20487778	0.0213057
all	8	398450	20487778	0.0194482
all	9	367858	20487778	0.0179550
all	10	338302	20487778	0.0165124
all	11	317428	20487778	0.0154935
all	12	295531	20487778	0.0144247
all	13	277121	20487778	0.0135262
all	14	258410	20487778	0.0126129
all	15	243866	20487778	0.0119030
all	16	229652	20487778	0.0112092
all	17	215070	20487778	0.0104975
all	18	204210	20487778	0.0099674
all	19	193800	20487778	0.0094593
all	20	188020	20487778	0.0091772
all	21	180112	20487778	0.0087912
all	22	167900	20487778	0.0081951
all	23	157659	20487778	0.0076953
all	24	150501	20487778	0.0073459
all	25	142072	20487778	0.0069345
all	26	135534	20487778	0.0066154
all	27	128958	20487778	0.0062944
all	28	122170	20487778	0.0059631
all	29	115631	20487778	0.0056439
all	30	112522	20487778	0.0054922
all	31	106363	20487778	0.0051915
all	32	99640	20487778	0.0048634
all	33	94154	20487778	0.0045956
all	34	89432	20487778	0.0043651
all	35	84305	20487778	0.0041149
all	36	77677	20487778	0.0037914
all	37	72827	20487778	0.0035547
all	38	67992	20487778	0.0033187
all	39	63837	20487778	0.0031159
all	40	60064	20487778	0.0029317
all	41	56772	20487778	0.0027710
all	42	52460	20487778	0.0025606
all	43	48017	20487778	0.0023437
all	44	44521	20487778	0.0021731
all	45	41612	20487778	0.0020311
all	46	38063	20487778	0.0018578
all	47	35295	20487778	0.0017227
all	48	31937	20487778	0.0015588
all	49	28523	20487778	0.0013922
all	50	25891	20487778	0.0012637
all	51	23470	20487778	0.0011456
all	52	21650	20487778	0.0010567
all	53	19746	20487778	0.0009638
all	54	17661	20487778	0.0008620
all	55	16149	20487778	0.0007882
all	56	14097	20487778	0.0006881
all	57	12494	20487778	0.0006098
all	58	11301	20487778	0.0005516
all	59	9753	20487778	0.0004760
all	60	8338	20487778	0.0004070
all	61	7384	20487778	0.0003604
all	62	6369	20487778	0.0003109
all	63	5619	20487778	0.0002743
all	64	4858	20487778	0.0002371
all	65	4443	20487778	0.0002169
all	66	3817	20487778	0.0001863
all	67	3150	20487778	0.0001538
all	68	2803	20487778	0.0001368
all	69	2314	20487778	0.0001129
all	70	2151	20487778	0.0001050
all	71	1900	20487778	0.0000927
all	72	1645	20487778	0.0000803
all	73	1308	20487778	0.0000638
all	74	1167	20487778	0.0000570
all	75	993	20487778	0.0000485
all	76	779	20487778	0.0000380
all	77	667	20487778	0.0000326
all	78	550	20487778	0.0000268
all	79	447	20487778	0.0000218
all	80	342	20487778	0.0000167
all	81	232	20487778	0.0000113
all	82	257	20487778	0.0000125
all	83	214	20487778	0.0000104
all	84	141	20487778	0.0000069
all	85	91	20487778	0.0000044
all	86	81	20487778	0.0000040
all	87	63	20487778	0.0000031
all	88	56	20487778	0.0000027
all	89	29	20487778	0.0000014
all	90	9	20487778	0.0000004
all	91	15	20487778	0.0000007
all	92	6	20487778	0.0000003
all	93	8	20487778	0.0000004
all	94	4	20487778	0.0000002
all	95	3	20487778	0.0000001
all	96	14	20487778	0.0000007
all	97	5	20487778	0.0000002
all	98	8	20487778	0.0000004
all	99	13	20487778	0.0000006
all	100	13	20487778	0.0000006
all	101	12	20487778	0.0000006
all	102	8	20487778	0.0000004
all	103	4	20487778	0.0000002
all	104	17	20487778	0.0000008
all	105	12	20487778	0.0000006
all	106	6	20487778	0.0000003
all	107	3	20487778	0.0000001
all	108	5	20487778	0.0000002
all	109	4	20487778	0.0000002
all	110	5	20487778	0.0000002
all	111	13	20487778	0.0000006
all	112	4	20487778	0.0000002
all	113	2	20487778	0.0000001
all	114	3	20487778	0.0000001
all	115	2	20487778	0.0000001
all	116	5	20487778	0.0000002
all	117	4	20487778	0.0000002
all	118	4	20487778	0.0000002
all	119	5	20487778	0.0000002
all	121	5	20487778	0.0000002
all	122	1	20487778	0.0000000
all	123	5	20487778	0.0000002
all	124	4	20487778	0.0000002
all	125	4	20487778	0.0000002
all	126	4	20487778	0.0000002
all	127	6	20487778	0.0000003
all	128	9	20487778	0.0000004
all	129	2	20487778	0.0000001
all	130	2	20487778	0.0000001
all	131	4	20487778	0.0000002
all	132	2	20487778	0.0000001
all	133	6	20487778	0.0000003
all	134	3	20487778	0.0000001
all	136	1	20487778	0.0000000
all	137	3	20487778	0.0000001
all	138	3	20487778	0.0000001
all	139	4	20487778	0.0000002
all	140	3	20487778	0.0000001
all	142	1	20487778	0.0000000
all	144	2	20487778	0.0000001
all	145	5	20487778	0.0000002
all	146	3	20487778	0.0000001
all	147	2	20487778	0.0000001
all	148	2	20487778	0.0000001
all	149	1	20487778	0.0000000
all	150	1	20487778	0.0000000
all	151	5	20487778	0.0000002
all	152	2	20487778	0.0000001
all	153	1	20487778	0.0000000
all	154	2	20487778	0.0000001
all	155	4	20487778	0.0000002
all	156	3	20487778	0.0000001
all	157	1	20487778	0.0000000
all	158	2	20487778	0.0000001
all	159	1	20487778	0.0000000
all	160	1	20487778	0.0000000
all	161	2	20487778	0.0000001
all	162	2	20487778	0.0000001
all	164	5	20487778	0.0000002
all	166	2	20487778	0.0000001
all	167	2	20487778	0.0000001
all	168	1	20487778	0.0000000
all	169	1	20487778	0.0000000
all	170	6	20487778	0.0000003
all	171	3	20487778	0.0000001
all	172	1	20487778	0.0000000
all	173	4	20487778	0.0000002
all	174	1	20487778	0.0000000
all	175	2	20487778	0.0000001
all	176	2	20487778	0.0000001
all	177	4	20487778	0.0000002
all	178	3	20487778	0.0000001
all	179	5	20487778	0.0000002
all	180	3	20487778	0.0000001
all	181	2	20487778	0.0000001
all	182	1	20487778	0.0000000
all	183	3	20487778	0.0000001
all	184	3	20487778	0.0000001
all	185	6	20487778	0.0000003
all	186	3	20487778	0.0000001
all	187	3	20487778	0.0000001
all	188	4	20487778	0.0000002
all	189	2	20487778	0.0000001
all	190	7	20487778	0.0000003
all	191	1	20487778	0.0000000
all	192	2	20487778	0.0000001
all	193	1	20487778	0.0000000
all	194	3	20487778	0.0000001
all	195	3	20487778	0.0000001
all	196	5	20487778	0.0000002
all	197	2	20487778	0.0000001
all	198	2	20487778	0.0000001
all	199	2	20487778	0.0000001
all	200	4	20487778	0.0000002
all	201	2	20487778	0.0000001
all	202	3	20487778	0.0000001
all	203	2	20487778	0.0000001
all	204	2	20487778	0.0000001
all	206	6	20487778	0.0000003
all	207	2	20487778	0.0000001
all	208	2	20487778	0.0000001
all	210	1	20487778	0.0000000
all	211	1	20487778	0.0000000
all	212	3	20487778	0.0000001
all	213	2	20487778	0.0000001
all	214	3	20487778	0.0000001
all	216	2	20487778	0.0000001
all	217	2	20487778	0.0000001
all	218	1	20487778	0.0000000
all	220	3	20487778	0.0000001
all	221	7	20487778	0.0000003
all	222	10	20487778	0.0000005
all	223	5	20487778	0.0000002
all	224	2	20487778	0.0000001
all	226	3	20487778	0.0000001
all	227	4	20487778	0.0000002
all	228	1	20487778	0.0000000
all	229	2	20487778	0.0000001
all	230	2	20487778	0.0000001
all	231	4	20487778	0.0000002
all	232	6	20487778	0.0000003
all	234	5	20487778	0.0000002
all	235	1	20487778	0.0000000
all	236	3	20487778	0.0000001
all	237	5	20487778	0.0000002
all	238	6	20487778	0.0000003
all	239	6	20487778	0.0000003
all	240	4	20487778	0.0000002
all	241	3	20487778	0.0000001
all	242	2	20487778	0.0000001
all	243	4	20487778	0.0000002
all	244	3	20487778	0.0000001
all	245	2	20487778	0.0000001
all	246	6	20487778	0.0000003
all	247	5	20487778	0.0000002
all	248	1	20487778	0.0000000
all	249	5	20487778	0.0000002
all	250	4	20487778	0.0000002
all	251	3	20487778	0.0000001
all	252	1	20487778	0.0000000
all	253	4	20487778	0.0000002
all	254	2	20487778	0.0000001
all	255	4	20487778	0.0000002
all	256	1	20487778	0.0000000
all	257	2	20487778	0.0000001
all	258	9	20487778	0.0000004
all	259	5	20487778	0.0000002
all	260	2	20487778	0.0000001
all	261	6	20487778	0.0000003
all	262	6	20487778	0.0000003
all	263	8	20487778	0.0000004
all	264	4	20487778	0.0000002
all	265	3	20487778	0.0000001
all	266	4	20487778	0.0000002
all	267	9	20487778	0.0000004
all	268	5	20487778	0.0000002
all	269	4	20487778	0.0000002
all	271	4	20487778	0.0000002
all	272	4	20487778	0.0000002
all	273	5	20487778	0.0000002
all	274	4	20487778	0.0000002
all	275	3	20487778	0.0000001
all	277	5	20487778	0.0000002
all	278	3	20487778	0.0000001
all	279	7	20487778	0.0000003
all	280	2	20487778	0.0000001
all	281	3	20487778	0.0000001
all	282	2	20487778	0.0000001
all	283	4	20487778	0.0000002
all	284	3	20487778	0.0000001
all	285	2	20487778	0.0000001
all	286	2	20487778	0.0000001
all	287	2	20487778	0.0000001
all	288	2	20487778	0.0000001
all	289	4	20487778	0.0000002
all	290	4	20487778	0.0000002
all	291	2	20487778	0.0000001
all	292	6	20487778	0.0000003
all	293	2	20487778	0.0000001
all	294	2	20487778	0.0000001
all	295	3	20487778	0.0000001
all	296	2	20487778	0.0000001
all	297	2	20487778	0.0000001
all	298	1	20487778	0.0000000
all	299	4	20487778	0.0000002
all	300	3	20487778	0.0000001
all	301	2	20487778	0.0000001
all	302	1	20487778	0.0000000
all	303	2	20487778	0.0000001
all	304	2	20487778	0.0000001
all	305	3	20487778	0.0000001
all	306	2	20487778	0.0000001
all	307	2	20487778	0.0000001
all	308	4	20487778	0.0000002
all	309	6	20487778	0.0000003
all	310	1	20487778	0.0000000
all	311	3	20487778	0.0000001
all	312	2	20487778	0.0000001
all	313	2	20487778	0.0000001
all	314	1	20487778	0.0000000
all	315	3	20487778	0.0000001
all	316	2	20487778	0.0000001
all	317	4	20487778	0.0000002
all	318	3	20487778	0.0000001
all	319	4	20487778	0.0000002
all	320	2	20487778	0.0000001
all	321	2	20487778	0.0000001
all	322	1	20487778	0.0000000
all	323	2	20487778	0.0000001
all	324	3	20487778	0.0000001
all	325	3	20487778	0.0000001
all	326	3	20487778	0.0000001
all	327	1	20487778	0.0000000
all	328	1	20487778	0.0000000
all	329	2	20487778	0.0000001
all	330	8	20487778	0.0000004
all	332	4	20487778	0.0000002
all	333	1	20487778	0.0000000
all	334	1	20487778	0.0000000
all	335	4	20487778	0.0000002
all	336	4	20487778	0.0000002
all	337	6	20487778	0.0000003
all	338	2	20487778	0.0000001
all	339	2	20487778	0.0000001
all	341	1	20487778	0.0000000
all	343	2	20487778	0.0000001
all	344	5	20487778	0.0000002
all	345	3	20487778	0.0000001
all	346	4	20487778	0.0000002
all	347	1	20487778	0.0000000
all	348	2	20487778	0.0000001
all	350	4	20487778	0.0000002
all	351	1	20487778	0.0000000
all	352	5	20487778	0.0000002
all	353	2	20487778	0.0000001
all	354	3	20487778	0.0000001
all	355	2	20487778	0.0000001
all	357	1	20487778	0.0000000
all	358	9	20487778	0.0000004
all	359	3	20487778	0.0000001
all	360	2	20487778	0.0000001
all	361	5	20487778	0.0000002
all	363	2	20487778	0.0000001
all	364	2	20487778	0.0000001
all	365	3	20487778	0.0000001
all	366	5	20487778	0.0000002
all	367	3	20487778	0.0000001
all	368	1	20487778	0.0000000
all	369	5	20487778	0.0000002
all	371	7	20487778	0.0000003
all	372	2	20487778	0.0000001
all	373	3	20487778	0.0000001
all	374	2	20487778	0.0000001
all	375	4	20487778	0.0000002
all	376	6	20487778	0.0000003
all	377	2	20487778	0.0000001
all	378	6	20487778	0.0000003
all	379	5	20487778	0.0000002
all	380	4	20487778	0.0000002
all	381	5	20487778	0.0000002
all	382	3	20487778	0.0000001
all	383	4	20487778	0.0000002
all	384	5	20487778	0.0000002
all	385	3	20487778	0.0000001
all	386	1	20487778	0.0000000
all	387	1	20487778	0.0000000
all	388	2	20487778	0.0000001
all	389	2	20487778	0.0000001
all	393	3	20487778	0.0000001
all	394	2	20487778	0.0000001
all	395	1	20487778	0.0000000
all	396	2	20487778	0.0000001
all	397	1	20487778	0.0000000
all	398	1	20487778	0.0000000
all	399	1	20487778	0.0000000
all	400	2	20487778	0.0000001
all	401	2	20487778	0.0000001
all	402	4	20487778	0.0000002
all	404	2	20487778	0.0000001
all	407	2	20487778	0.0000001
all	408	4	20487778	0.0000002
all	409	2	20487778	0.0000001
all	411	1	20487778	0.0000000
all	414	1	20487778	0.0000000
all	416	2	20487778	0.0000001
all	421	1	20487778	0.0000000
all	423	1	20487778	0.0000000
all	424	1	20487778	0.0000000
all	425	2	20487778	0.0000001
all	427	2	20487778	0.0000001
all	432	1	20487778	0.0000000
all	435	2	20487778	0.0000001
all	436	1	20487778	0.0000000
all	439	2	20487778	0.0000001
all	440	2	20487778	0.0000001
all	441	1	20487778	0.0000000
all	444	2	20487778	0.0000001
all	446	1	20487778	0.0000000
all	449	1	20487778	0.0000000
all	451	1	20487778	0.0000000
all	452	1	20487778	0.0000000
all	455	2	20487778	0.0000001
all	456	2	20487778	0.0000001
all	458	2	20487778	0.0000001
all	460	1	20487778	0.0000000
all	461	2	20487778	0.0000001
all	463	1	20487778	0.0000000
all	464	2	20487778	0.0000001
all	465	1	20487778	0.0000000
all	469	2	20487778	0.0000001
all	472	1	20487778	0.0000000
all	473	1	20487778	0.0000000
all	476	1	20487778	0.0000000
all	478	1	20487778	0.0000000
all	480	2	20487778	0.0000001
all	482	3	20487778	0.0000001
all	483	1	20487778	0.0000000
all	484	1	20487778	0.0000000
all	488	1	20487778	0.0000000
all	490	1	20487778	0.0000000
all	492	1	20487778	0.0000000
all	496	2	20487778	0.0000001
all	498	2	20487778	0.0000001
all	499	1	20487778	0.0000000
all	501	2	20487778	0.0000001
all	505	1	20487778	0.0000000
all	506	2	20487778	0.0000001
all	508	3	20487778	0.0000001
all	509	2	20487778	0.0000001
all	512	1	20487778	0.0000000
all	513	1	20487778	0.0000000
all	516	5	20487778	0.0000002
all	518	1	20487778	0.0000000
all	519	2	20487778	0.0000001
all	520	1	20487778	0.0000000
all	521	2	20487778	0.0000001
all	524	1	20487778	0.0000000
all	525	2	20487778	0.0000001
all	526	2	20487778	0.0000001
all	528	1	20487778	0.0000000
all	529	1	20487778	0.0000000
all	531	1	20487778	0.0000000
all	534	2	20487778	0.0000001
all	535	1	20487778	0.0000000
all	537	1	20487778	0.0000000
all	538	1	20487778	0.0000000
all	539	1	20487778	0.0000000
all	540	3	20487778	0.0000001
all	541	3	20487778	0.0000001
all	544	1	20487778	0.0000000
all	545	1	20487778	0.0000000
all	548	1	20487778	0.0000000
all	549	1	20487778	0.0000000
all	550	1	20487778	0.0000000
all	551	1	20487778	0.0000000
all	553	1	20487778	0.0000000
all	554	1	20487778	0.0000000
all	556	1	20487778	0.0000000
all	557	1	20487778	0.0000000
