all	0	9728014	23346943	0.4166718
all	1	1500736	23346943	0.0642798
all	2	954500	23346943	0.0408833
all	3	763779	23346943	0.0327143
all	4	640714	23346943	0.0274432
all	5	562650	23346943	0.0240995
all	6	497407	23346943	0.0213050
all	7	451002	23346943	0.0193174
all	8	417018	23346943	0.0178618
all	9	382601	23346943	0.0163876
all	10	358504	23346943	0.0153555
all	11	332138	23346943	0.0142262
all	12	311679	23346943	0.0133499
all	13	294281	23346943	0.0126047
all	14	279177	23346943	0.0119578
all	15	266165	23346943	0.0114004
all	16	252323	23346943	0.0108075
all	17	239519	23346943	0.0102591
all	18	228849	23346943	0.0098021
all	19	220050	23346943	0.0094252
all	20	208701	23346943	0.0089391
all	21	202317	23346943	0.0086657
all	22	192739	23346943	0.0082554
all	23	183683	23346943	0.0078675
all	24	179322	23346943	0.0076807
all	25	172522	23346943	0.0073895
all	26	166057	23346943	0.0071126
all	27	157806	23346943	0.0067592
all	28	152828	23346943	0.0065460
all	29	148079	23346943	0.0063425
all	30	144280	23346943	0.0061798
all	31	138532	23346943	0.0059336
all	32	133506	23346943	0.0057183
all	33	128350	23346943	0.0054975
all	34	123327	23346943	0.0052824
all	35	119056	23346943	0.0050994
all	36	116303	23346943	0.0049815
all	37	112161	23346943	0.0048041
all	38	108359	23346943	0.0046412
all	39	103491	23346943	0.0044327
all	40	99484	23346943	0.0042611
all	41	95391	23346943	0.0040858
all	42	91320	23346943	0.0039114
all	43	86690	23346943	0.0037131
all	44	82072	23346943	0.0035153
all	45	77436	23346943	0.0033168
all	46	72939	23346943	0.0031241
all	47	69523	23346943	0.0029778
all	48	66116	23346943	0.0028319
all	49	62692	23346943	0.0026852
all	50	60150	23346943	0.0025764
all	51	57130	23346943	0.0024470
all	52	55173	23346943	0.0023632
all	53	52450	23346943	0.0022465
all	54	49662	23346943	0.0021271
all	55	46578	23346943	0.0019950
all	56	45168	23346943	0.0019346
all	57	42158	23346943	0.0018057
all	58	39437	23346943	0.0016892
all	59	36356	23346943	0.0015572
all	60	33480	23346943	0.0014340
all	61	30837	23346943	0.0013208
all	62	29231	23346943	0.0012520
all	63	27918	23346943	0.0011958
all	64	25739	23346943	0.0011025
all	65	23119	23346943	0.0009902
all	66	21230	23346943	0.0009093
all	67	19500	23346943	0.0008352
all	68	18297	23346943	0.0007837
all	69	16760	23346943	0.0007179
all	70	15089	23346943	0.0006463
all	71	13893	23346943	0.0005951
all	72	12671	23346943	0.0005427
all	73	11690	23346943	0.0005007
all	74	10539	23346943	0.0004514
all	75	9482	23346943	0.0004061
all	76	8456	23346943	0.0003622
all	77	7515	23346943	0.0003219
all	78	6477	23346943	0.0002774
all	79	5809	23346943	0.0002488
all	80	5065	23346943	0.0002169
all	81	4363	23346943	0.0001869
all	82	4079	23346943	0.0001747
all	83	3302	23346943	0.0001414
all	84	2894	23346943	0.0001240
all	85	2489	23346943	0.0001066
all	86	2273	23346943	0.0000974
all	87	1841	23346943	0.0000789
all	88	1671	23346943	0.0000716
all	89	1600	23346943	0.0000685
all	90	1335	23346943	0.0000572
all	91	1057	23346943	0.0000453
all	92	888	23346943	0.0000380
all	93	689	23346943	0.0000295
all	94	512	23346943	0.0000219
all	95	508	23346943	0.0000218
all	96	395	23346943	0.0000169
all	97	367	23346943	0.0000157
all	98	258	23346943	0.0000111
all	99	303	23346943	0.0000130
all	100	232	23346943	0.0000099
all	101	246	23346943	0.0000105
all	102	189	23346943	0.0000081
all	103	156	23346943	0.0000067
all	104	155	23346943	0.0000066
all	105	137	23346943	0.0000059
all	106	102	23346943	0.0000044
all	107	91	23346943	0.0000039
all	108	41	23346943	0.0000018
all	109	31	23346943	0.0000013
all	110	17	23346943	0.0000007
all	111	21	23346943	0.0000009
all	112	18	23346943	0.0000008
all	113	11	23346943	0.0000005
all	114	8	23346943	0.0000003
all	115	8	23346943	0.0000003
all	116	13	23346943	0.0000006
all	117	14	23346943	0.0000006
all	118	8	23346943	0.0000003
all	119	8	23346943	0.0000003
all	120	10	23346943	0.0000004
all	121	6	23346943	0.0000003
all	122	4	23346943	0.0000002
all	123	6	23346943	0.0000003
all	124	6	23346943	0.0000003
all	125	7	23346943	0.0000003
all	126	8	23346943	0.0000003
all	127	9	23346943	0.0000004
all	128	3	23346943	0.0000001
all	129	5	23346943	0.0000002
all	130	8	23346943	0.0000003
all	131	13	23346943	0.0000006
all	132	10	23346943	0.0000004
all	133	2	23346943	0.0000001
all	134	2	23346943	0.0000001
all	135	8	23346943	0.0000003
all	136	6	23346943	0.0000003
all	137	4	23346943	0.0000002
all	138	6	23346943	0.0000003
all	139	6	23346943	0.0000003
all	140	7	23346943	0.0000003
all	142	5	23346943	0.0000002
all	143	7	23346943	0.0000003
all	144	7	23346943	0.0000003
all	145	6	23346943	0.0000003
all	146	5	23346943	0.0000002
all	147	8	23346943	0.0000003
all	148	13	23346943	0.0000006
all	149	12	23346943	0.0000005
all	150	6	23346943	0.0000003
all	151	5	23346943	0.0000002
all	152	5	23346943	0.0000002
all	153	8	23346943	0.0000003
all	154	3	23346943	0.0000001
all	155	6	23346943	0.0000003
all	156	3	23346943	0.0000001
all	157	8	23346943	0.0000003
all	158	5	23346943	0.0000002
all	159	6	23346943	0.0000003
all	160	7	23346943	0.0000003
all	161	8	23346943	0.0000003
all	162	6	23346943	0.0000003
all	163	2	23346943	0.0000001
all	164	8	23346943	0.0000003
all	165	4	23346943	0.0000002
all	166	1	23346943	0.0000000
all	167	2	23346943	0.0000001
all	168	7	23346943	0.0000003
all	169	4	23346943	0.0000002
all	170	5	23346943	0.0000002
all	171	3	23346943	0.0000001
all	172	6	23346943	0.0000003
all	173	11	23346943	0.0000005
all	174	5	23346943	0.0000002
all	175	10	23346943	0.0000004
all	176	4	23346943	0.0000002
all	177	2	23346943	0.0000001
all	178	3	23346943	0.0000001
all	179	6	23346943	0.0000003
all	180	2	23346943	0.0000001
all	181	5	23346943	0.0000002
all	182	7	23346943	0.0000003
all	183	4	23346943	0.0000002
all	184	3	23346943	0.0000001
all	185	5	23346943	0.0000002
all	186	6	23346943	0.0000003
all	187	5	23346943	0.0000002
all	188	7	23346943	0.0000003
all	189	3	23346943	0.0000001
all	190	6	23346943	0.0000003
all	191	4	23346943	0.0000002
all	192	2	23346943	0.0000001
all	193	2	23346943	0.0000001
all	195	4	23346943	0.0000002
all	196	10	23346943	0.0000004
all	197	5	23346943	0.0000002
all	198	4	23346943	0.0000002
all	199	6	23346943	0.0000003
all	200	5	23346943	0.0000002
all	201	1	23346943	0.0000000
all	202	9	23346943	0.0000004
all	203	6	23346943	0.0000003
all	205	6	23346943	0.0000003
all	206	6	23346943	0.0000003
all	207	7	23346943	0.0000003
all	208	1	23346943	0.0000000
all	209	7	23346943	0.0000003
all	211	4	23346943	0.0000002
all	212	6	23346943	0.0000003
all	213	3	23346943	0.0000001
all	216	2	23346943	0.0000001
all	217	3	23346943	0.0000001
all	218	3	23346943	0.0000001
all	219	3	23346943	0.0000001
all	220	4	23346943	0.0000002
all	221	2	23346943	0.0000001
all	222	5	23346943	0.0000002
all	223	3	23346943	0.0000001
all	224	4	23346943	0.0000002
all	226	4	23346943	0.0000002
all	227	2	23346943	0.0000001
all	228	1	23346943	0.0000000
all	229	5	23346943	0.0000002
all	230	2	23346943	0.0000001
all	231	3	23346943	0.0000001
all	232	1	23346943	0.0000000
all	233	5	23346943	0.0000002
all	234	3	23346943	0.0000001
all	235	5	23346943	0.0000002
all	236	3	23346943	0.0000001
all	237	1	23346943	0.0000000
all	238	4	23346943	0.0000002
all	239	3	23346943	0.0000001
all	240	6	23346943	0.0000003
all	241	1	23346943	0.0000000
all	242	2	23346943	0.0000001
all	244	3	23346943	0.0000001
all	245	3	23346943	0.0000001
all	246	3	23346943	0.0000001
all	247	4	23346943	0.0000002
all	249	1	23346943	0.0000000
all	250	3	23346943	0.0000001
all	251	4	23346943	0.0000002
all	252	1	23346943	0.0000000
all	253	1	23346943	0.0000000
all	254	2	23346943	0.0000001
all	255	4	23346943	0.0000002
all	256	2	23346943	0.0000001
all	257	3	23346943	0.0000001
all	258	2	23346943	0.0000001
all	259	1	23346943	0.0000000
all	260	5	23346943	0.0000002
all	262	5	23346943	0.0000002
all	263	2	23346943	0.0000001
all	264	1	23346943	0.0000000
all	265	1	23346943	0.0000000
all	266	2	23346943	0.0000001
all	267	3	23346943	0.0000001
all	268	2	23346943	0.0000001
all	269	1	23346943	0.0000000
all	270	2	23346943	0.0000001
all	271	2	23346943	0.0000001
all	272	3	23346943	0.0000001
all	273	2	23346943	0.0000001
all	274	1	23346943	0.0000000
all	275	2	23346943	0.0000001
all	278	3	23346943	0.0000001
all	279	4	23346943	0.0000002
all	280	1	23346943	0.0000000
all	281	1	23346943	0.0000000
all	282	4	23346943	0.0000002
all	283	1	23346943	0.0000000
all	284	2	23346943	0.0000001
all	285	2	23346943	0.0000001
all	286	2	23346943	0.0000001
all	287	1	23346943	0.0000000
all	288	6	23346943	0.0000003
all	290	4	23346943	0.0000002
all	291	2	23346943	0.0000001
all	292	3	23346943	0.0000001
all	293	4	23346943	0.0000002
all	294	2	23346943	0.0000001
all	295	5	23346943	0.0000002
all	296	2	23346943	0.0000001
all	297	3	23346943	0.0000001
all	298	3	23346943	0.0000001
all	299	2	23346943	0.0000001
all	300	1	23346943	0.0000000
all	301	5	23346943	0.0000002
all	302	3	23346943	0.0000001
all	303	1	23346943	0.0000000
all	304	1	23346943	0.0000000
all	305	3	23346943	0.0000001
all	306	5	23346943	0.0000002
all	307	2	23346943	0.0000001
all	308	1	23346943	0.0000000
all	309	1	23346943	0.0000000
all	310	2	23346943	0.0000001
all	311	7	23346943	0.0000003
all	312	3	23346943	0.0000001
all	314	1	23346943	0.0000000
all	315	2	23346943	0.0000001
all	317	4	23346943	0.0000002
all	318	1	23346943	0.0000000
all	319	3	23346943	0.0000001
all	320	2	23346943	0.0000001
all	321	2	23346943	0.0000001
all	322	5	23346943	0.0000002
all	324	5	23346943	0.0000002
all	325	2	23346943	0.0000001
all	327	2	23346943	0.0000001
all	328	3	23346943	0.0000001
all	329	3	23346943	0.0000001
all	330	1	23346943	0.0000000
all	331	1	23346943	0.0000000
all	332	2	23346943	0.0000001
all	333	1	23346943	0.0000000
all	335	3	23346943	0.0000001
all	336	3	23346943	0.0000001
all	337	4	23346943	0.0000002
all	339	1	23346943	0.0000000
all	341	5	23346943	0.0000002
all	343	3	23346943	0.0000001
all	344	2	23346943	0.0000001
all	346	5	23346943	0.0000002
all	347	2	23346943	0.0000001
all	348	1	23346943	0.0000000
all	349	6	23346943	0.0000003
all	350	4	23346943	0.0000002
all	351	2	23346943	0.0000001
all	352	4	23346943	0.0000002
all	353	2	23346943	0.0000001
all	354	3	23346943	0.0000001
all	355	4	23346943	0.0000002
all	356	3	23346943	0.0000001
all	357	8	23346943	0.0000003
all	358	8	23346943	0.0000003
all	359	9	23346943	0.0000004
all	360	6	23346943	0.0000003
all	361	5	23346943	0.0000002
all	362	8	23346943	0.0000003
all	364	2	23346943	0.0000001
all	366	7	23346943	0.0000003
all	367	3	23346943	0.0000001
all	368	3	23346943	0.0000001
all	369	2	23346943	0.0000001
all	370	3	23346943	0.0000001
all	371	1	23346943	0.0000000
all	372	5	23346943	0.0000002
all	373	2	23346943	0.0000001
all	374	2	23346943	0.0000001
all	375	1	23346943	0.0000000
all	376	1	23346943	0.0000000
all	377	2	23346943	0.0000001
all	378	3	23346943	0.0000001
all	379	2	23346943	0.0000001
all	380	2	23346943	0.0000001
all	381	4	23346943	0.0000002
all	382	1	23346943	0.0000000
all	383	2	23346943	0.0000001
all	384	2	23346943	0.0000001
all	385	3	23346943	0.0000001
all	386	2	23346943	0.0000001
all	387	2	23346943	0.0000001
all	388	3	23346943	0.0000001
all	389	8	23346943	0.0000003
all	390	4	23346943	0.0000002
all	392	3	23346943	0.0000001
all	393	4	23346943	0.0000002
all	394	3	23346943	0.0000001
all	395	3	23346943	0.0000001
all	396	4	23346943	0.0000002
all	397	5	23346943	0.0000002
all	398	3	23346943	0.0000001
all	399	1	23346943	0.0000000
all	400	3	23346943	0.0000001
all	401	4	23346943	0.0000002
all	402	1	23346943	0.0000000
all	403	5	23346943	0.0000002
all	404	3	23346943	0.0000001
all	405	5	23346943	0.0000002
all	406	6	23346943	0.0000003
all	407	1	23346943	0.0000000
all	408	1	23346943	0.0000000
all	412	2	23346943	0.0000001
all	413	4	23346943	0.0000002
all	414	3	23346943	0.0000001
all	415	4	23346943	0.0000002
all	416	1	23346943	0.0000000
all	417	3	23346943	0.0000001
all	418	2	23346943	0.0000001
all	419	3	23346943	0.0000001
all	420	1	23346943	0.0000000
all	421	3	23346943	0.0000001
all	422	1	23346943	0.0000000
all	423	4	23346943	0.0000002
all	424	3	23346943	0.0000001
all	425	5	23346943	0.0000002
all	426	1	23346943	0.0000000
all	427	2	23346943	0.0000001
all	428	1	23346943	0.0000000
all	429	3	23346943	0.0000001
all	430	3	23346943	0.0000001
all	431	1	23346943	0.0000000
all	432	4	23346943	0.0000002
all	433	2	23346943	0.0000001
all	434	1	23346943	0.0000000
all	435	5	23346943	0.0000002
all	436	1	23346943	0.0000000
all	437	3	23346943	0.0000001
all	438	2	23346943	0.0000001
all	439	3	23346943	0.0000001
all	440	1	23346943	0.0000000
all	441	5	23346943	0.0000002
all	442	6	23346943	0.0000003
all	443	4	23346943	0.0000002
all	444	2	23346943	0.0000001
all	445	7	23346943	0.0000003
all	446	1	23346943	0.0000000
all	448	2	23346943	0.0000001
all	450	2	23346943	0.0000001
all	451	2	23346943	0.0000001
all	452	6	23346943	0.0000003
all	453	2	23346943	0.0000001
all	454	4	23346943	0.0000002
all	455	4	23346943	0.0000002
all	456	3	23346943	0.0000001
all	457	2	23346943	0.0000001
all	458	2	23346943	0.0000001
all	459	4	23346943	0.0000002
all	460	3	23346943	0.0000001
all	462	3	23346943	0.0000001
all	464	1	23346943	0.0000000
all	465	5	23346943	0.0000002
all	466	2	23346943	0.0000001
all	467	2	23346943	0.0000001
all	468	3	23346943	0.0000001
all	470	3	23346943	0.0000001
all	471	1	23346943	0.0000000
all	472	1	23346943	0.0000000
all	473	2	23346943	0.0000001
all	474	3	23346943	0.0000001
all	475	1	23346943	0.0000000
all	476	1	23346943	0.0000000
all	477	1	23346943	0.0000000
all	478	2	23346943	0.0000001
all	479	5	23346943	0.0000002
all	480	2	23346943	0.0000001
all	482	5	23346943	0.0000002
all	483	1	23346943	0.0000000
all	484	1	23346943	0.0000000
all	485	1	23346943	0.0000000
all	486	1	23346943	0.0000000
all	487	1	23346943	0.0000000
all	488	2	23346943	0.0000001
all	489	2	23346943	0.0000001
all	492	2	23346943	0.0000001
all	493	1	23346943	0.0000000
all	494	1	23346943	0.0000000
all	495	1	23346943	0.0000000
all	496	2	23346943	0.0000001
all	499	2	23346943	0.0000001
all	501	1	23346943	0.0000000
all	502	2	23346943	0.0000001
all	504	2	23346943	0.0000001
all	505	4	23346943	0.0000002
all	508	1	23346943	0.0000000
all	510	2	23346943	0.0000001
all	511	2	23346943	0.0000001
all	513	2	23346943	0.0000001
all	515	2	23346943	0.0000001
all	516	3	23346943	0.0000001
all	517	1	23346943	0.0000000
all	521	3	23346943	0.0000001
all	522	2	23346943	0.0000001
all	524	2	23346943	0.0000001
all	525	2	23346943	0.0000001
all	528	1	23346943	0.0000000
all	530	2	23346943	0.0000001
all	531	3	23346943	0.0000001
all	532	1	23346943	0.0000000
all	534	3	23346943	0.0000001
all	539	3	23346943	0.0000001
all	540	2	23346943	0.0000001
all	542	5	23346943	0.0000002
all	544	4	23346943	0.0000002
all	545	1	23346943	0.0000000
all	546	2	23346943	0.0000001
all	548	1	23346943	0.0000000
all	549	3	23346943	0.0000001
all	551	2	23346943	0.0000001
all	552	1	23346943	0.0000000
all	554	2	23346943	0.0000001
all	558	1	23346943	0.0000000
all	563	1	23346943	0.0000000
all	565	1	23346943	0.0000000
all	570	1	23346943	0.0000000
all	572	1	23346943	0.0000000
all	574	1	23346943	0.0000000
all	577	1	23346943	0.0000000
all	580	3	23346943	0.0000001
all	583	1	23346943	0.0000000
all	585	1	23346943	0.0000000
all	587	1	23346943	0.0000000
all	590	1	23346943	0.0000000
all	597	2	23346943	0.0000001
all	598	1	23346943	0.0000000
all	603	1	23346943	0.0000000
all	605	1	23346943	0.0000000
all	606	1	23346943	0.0000000
all	608	1	23346943	0.0000000
all	611	1	23346943	0.0000000
all	614	2	23346943	0.0000001
all	616	1	23346943	0.0000000
all	618	1	23346943	0.0000000
all	620	1	23346943	0.0000000
all	621	1	23346943	0.0000000
all	624	3	23346943	0.0000001
all	625	1	23346943	0.0000000
all	631	2	23346943	0.0000001
all	634	3	23346943	0.0000001
all	635	1	23346943	0.0000000
all	639	1	23346943	0.0000000
all	641	1	23346943	0.0000000
all	642	1	23346943	0.0000000
all	645	3	23346943	0.0000001
all	648	1	23346943	0.0000000
all	650	1	23346943	0.0000000
all	651	1	23346943	0.0000000
all	653	1	23346943	0.0000000
all	656	1	23346943	0.0000000
all	659	1	23346943	0.0000000
all	663	1	23346943	0.0000000
all	664	1	23346943	0.0000000
all	667	1	23346943	0.0000000
all	670	1	23346943	0.0000000
all	671	2	23346943	0.0000001
all	673	1	23346943	0.0000000
all	677	1	23346943	0.0000000
all	680	2	23346943	0.0000001
all	682	1	23346943	0.0000000
all	683	1	23346943	0.0000000
all	685	1	23346943	0.0000000
all	686	1	23346943	0.0000000
all	687	2	23346943	0.0000001
all	688	1	23346943	0.0000000
all	689	1	23346943	0.0000000
all	691	1	23346943	0.0000000
all	693	1	23346943	0.0000000
all	694	1	23346943	0.0000000
all	695	1	23346943	0.0000000
all	697	1	23346943	0.0000000
all	698	1	23346943	0.0000000
all	701	2	23346943	0.0000001
all	702	1	23346943	0.0000000
all	704	2	23346943	0.0000001
all	707	1	23346943	0.0000000
all	709	1	23346943	0.0000000
all	713	1	23346943	0.0000000
all	714	1	23346943	0.0000000
all	717	1	23346943	0.0000000
all	718	1	23346943	0.0000000
